lat,lon,alt,acc,speed,accelx,accely,accelz,gyrox,gyroy,gyroz,azimuth,pitch,roll,time,batpct,current
0.0,0.0,0.0,0.0,0.0,0.0,0.0,0.0,0.0,0.0,0.0,0.0,-0.0,-0.0,1658273999000,0.0,0
0.0,0.0,0.0,0.0,0.0,0.0,0.0,0.0,0.15725257,-0.1410428,-0.06090715,0.0,-0.0,-0.0,1658273999000,0.0,0
0.0,0.0,0.0,0.0,0.0,0.0,0.0,0.0,0.15725257,-0.1410428,-0.06090715,-114.797226,-7.136422,4.9747043,1658273999000,61.0,-1380
0.0,0.0,0.0,0.0,0.0,0.0,0.0,0.0,0.15725257,-0.1410428,-0.06090715,-115.181755,-9.15127,4.465877,1658273999000,61.0,-1380
0.0,0.0,0.0,0.0,0.0,0.0,0.0,0.0,0.15725257,-0.1410428,-0.06090715,-115.181755,-9.15127,4.465877,1658273999000,61.0,-1380
0.0,0.0,0.0,0.0,0.0,0.0,0.0,0.0,-0.017643845,-0.08594926,0.04272698,-115.181755,-9.15127,4.465877,1658273999000,61.0,-1380
0.0,0.0,0.0,0.0,0.0,0.0,0.0,0.0,-0.017643845,-0.08594926,0.04272698,-114.49907,-9.15127,4.465877,1658273999000,61.0,-1380
0.0,0.0,0.0,0.0,0.0,0.0,0.0,0.0,-0.017643845,-0.08594926,0.04272698,-115.89136,-11.742261,0.39923462,1658273999000,61.0,-1380
0.0,0.0,0.0,0.0,0.0,-0.02999953,-0.03385516,-0.37767085,-0.017643845,-0.08594926,0.04272698,-115.89136,-11.742261,0.39923462,1658273999000,61.0,-1380
0.0,0.0,0.0,0.0,0.0,-0.02999953,-0.03385516,-0.37767085,-0.13442378,0.14731768,0.035199225,-115.89136,-11.742261,0.39923462,1658273999000,61.0,-1380
0.0,0.0,0.0,0.0,0.0,-0.02999953,-0.03385516,-0.37767085,-0.13442378,0.14731768,0.035199225,-116.211494,-11.742261,0.39923462,1658273999000,61.0,-1380
0.0,0.0,0.0,0.0,0.0,0.12866157,0.09757812,-0.046870276,-0.13442378,0.14731768,0.035199225,-116.211494,-11.742261,0.39923462,1658273999000,61.0,-1380
0.0,0.0,0.0,0.0,0.0,0.12866157,0.09757812,-0.046870276,-0.13442378,0.14731768,0.035199225,-115.65859,-10.7946415,1.913561,1658273999000,61.0,-1380
--GPS STARTED--
0.0,0.0,0.0,0.0,0.0,0.12866157,0.09757812,-0.046870276,-0.071802184,0.28189167,0.03863428,-115.65859,-10.7946415,1.913561,1658273999000,61.0,-1380
0.0,0.0,0.0,0.0,0.0,0.12866157,0.09757812,-0.046870276,-0.071802184,0.28189167,0.03863428,-116.817375,-10.7946415,1.913561,1658273999000,61.0,-1380
0.0,0.0,0.0,0.0,0.0,0.12866157,0.09757812,-0.046870276,-0.071802184,0.28189167,0.03863428,-115.519516,-8.180295,6.023891,1658273999000,61.0,-1380
0.0,0.0,0.0,0.0,0.0,0.057838302,0.011106364,0.104854085,-0.071802184,0.28189167,0.03863428,-115.519516,-8.180295,6.023891,1658273999000,61.0,-1380
0.0,0.0,0.0,0.0,0.0,0.057838302,0.011106364,0.104854085,-0.014595439,-0.020298688,0.01996355,-115.519516,-8.180295,6.023891,1658273999000,61.0,-1380
0.0,0.0,0.0,0.0,0.0,0.057838302,0.011106364,0.104854085,-0.014595439,-0.020298688,0.01996355,-117.4527,-8.180295,6.023891,1658273999000,61.0,-1380
0.0,0.0,0.0,0.0,0.0,-0.11870698,-0.04870242,0.2373906,-0.014595439,-0.020298688,0.01996355,-117.4527,-8.180295,6.023891,1658273999000,61.0,-1380
0.0,0.0,0.0,0.0,0.0,-0.11870698,-0.04870242,0.2373906,-0.014595439,-0.020298688,0.01996355,-117.47969,-8.148674,5.875715,1658273999000,61.0,-1380
0.0,0.0,0.0,0.0,0.0,-0.11870698,-0.04870242,0.2373906,0.093830235,-0.1872075,-0.04308771,-117.47969,-8.148674,5.875715,1658273999000,61.0,-1380
0.0,0.0,0.0,0.0,0.0,-0.11870698,-0.04870242,0.2373906,0.093830235,-0.1872075,-0.04308771,-118.55447,-8.148674,5.875715,1658273999000,61.0,-1380
0.0,0.0,0.0,0.0,0.0,-0.11870698,-0.04870242,0.2373906,0.093830235,-0.1872075,-0.04308771,-118.96756,-9.560647,4.9818306,1658273999000,61.0,-1380
0.0,0.0,0.0,0.0,0.0,-0.05811097,-0.067846335,-0.0447951,0.093830235,-0.1872075,-0.04308771,-118.96756,-9.560647,4.9818306,1658273999000,61.0,-1380
0.0,0.0,0.0,0.0,0.0,-0.05811097,-0.067846335,-0.0447951,-0.04695879,-0.046264447,-0.02677025,-118.96756,-9.560647,4.9818306,1658273999000,61.0,-1380
0.0,0.0,0.0,0.0,0.0,-0.05811097,-0.067846335,-0.0447951,-0.04695879,-0.046264447,-0.02677025,-119.81653,-9.560647,4.9818306,1658273999000,61.0,-1380
0.0,0.0,0.0,0.0,0.0,7.918061E-4,0.07293373,-0.015441938,-0.04695879,-0.046264447,-0.02677025,-119.81653,-9.560647,4.9818306,1658273999000,61.0,-1380
0.0,0.0,0.0,0.0,0.0,7.918061E-4,0.07293373,-0.015441938,-0.04695879,-0.046264447,-0.02677025,-119.641365,-7.842329,4.5512266,1658273999000,61.0,-1380
0.0,0.0,0.0,0.0,0.0,7.918061E-4,0.07293373,-0.015441938,0.03931952,-0.019099252,-0.0033636752,-119.641365,-7.842329,4.5512266,1658273999000,61.0,-1380
0.0,0.0,0.0,0.0,0.0,7.918061E-4,0.07293373,-0.015441938,0.03931952,-0.019099252,-0.0033636752,-120.326775,-7.842329,4.5512266,1658273999000,61.0,-1380
0.0,0.0,0.0,0.0,0.0,7.918061E-4,0.07293373,-0.015441938,0.03931952,-0.019099252,-0.0033636752,-120.7133,-8.527094,3.4829466,1658273999000,61.0,-1380
0.0,0.0,0.0,0.0,0.0,-0.01594887,-0.06445545,0.0949533,0.03931952,-0.019099252,-0.0033636752,-120.7133,-8.527094,3.4829466,1658273999000,61.0,-1380
0.0,0.0,0.0,0.0,0.0,-0.01594887,-0.06445545,0.0949533,-0.023288535,0.08756488,0.007050806,-120.7133,-8.527094,3.4829466,1658273999000,61.0,-1380
0.0,0.0,0.0,0.0,0.0,-0.01594887,-0.06445545,0.0949533,-0.023288535,0.08756488,0.007050806,-122.156906,-8.527094,3.4829466,1658273999000,61.0,-1380
0.0,0.0,0.0,0.0,0.0,0.07441189,0.024280613,-0.02441414,-0.023288535,0.08756488,0.007050806,-122.156906,-8.527094,3.4829466,1658273999000,61.0,-1380
0.0,0.0,0.0,0.0,0.0,0.07441189,0.024280613,-0.02441414,-0.023288535,0.08756488,0.007050806,-122.05886,-8.139408,3.578446,1658273999000,61.0,-1380
0.0,0.0,0.0,0.0,0.0,0.07441189,0.024280613,-0.02441414,-0.0032470222,0.0136172,-1.9428068E-4,-122.05886,-8.139408,3.578446,1658273999000,61.0,-1380
0.0,0.0,0.0,0.0,0.0,0.07441189,0.024280613,-0.02441414,-0.0032470222,0.0136172,-1.9428068E-4,-123.853806,-8.139408,3.578446,1658273999000,61.0,-1380
0.0,0.0,0.0,0.0,0.0,0.07441189,0.024280613,-0.02441414,-0.0032470222,0.0136172,-1.9428068E-4,-123.683975,-7.953162,4.078831,1658273999000,61.0,-1380
0.0,0.0,0.0,0.0,0.0,0.030188771,-0.007326161,-0.0015506167,-0.0032470222,0.0136172,-1.9428068E-4,-123.683975,-7.953162,4.078831,1658273999000,61.0,-1380
0.0,0.0,0.0,0.0,0.0,0.030188771,-0.007326161,-0.0015506167,-0.04108315,0.049297463,0.0063280417,-123.683975,-7.953162,4.078831,1658273999000,61.0,-1380
0.0,0.0,0.0,0.0,0.0,0.030188771,-0.007326161,-0.0015506167,-0.04108315,0.049297463,0.0063280417,-125.05748,-7.953162,4.078831,1658273999000,61.0,-1380
0.0,0.0,0.0,0.0,0.0,-0.0034669405,0.05680428,0.24296898,-0.04108315,0.049297463,0.0063280417,-125.05748,-7.953162,4.078831,1658273999000,61.0,-1380
0.0,0.0,0.0,0.0,0.0,-0.0034669405,0.05680428,0.24296898,-0.04108315,0.049297463,0.0063280417,-124.11217,-5.277448,5.744639,1658273999000,61.0,-1380
0.0,0.0,0.0,0.0,0.0,-0.0034669405,0.05680428,0.24296898,0.057760373,-0.051454563,-0.004924434,-124.11217,-5.277448,5.744639,1658273999000,61.0,-1380
0.0,0.0,0.0,0.0,0.0,-0.0034669405,0.05680428,0.24296898,0.057760373,-0.051454563,-0.004924434,-124.54166,-5.277448,5.744639,1658273999000,61.0,-1380
0.0,0.0,0.0,0.0,0.0,-0.07190689,-0.14662868,-0.05545681,0.057760373,-0.051454563,-0.004924434,-124.54166,-5.277448,5.744639,1658273999000,61.0,-1380
0.0,0.0,0.0,0.0,0.0,-0.07190689,-0.14662868,-0.05545681,0.057760373,-0.051454563,-0.004924434,-125.446,-9.200752,5.0327864,1658273999000,61.0,-1380
0.0,0.0,0.0,0.0,0.0,-0.07190689,-0.14662868,-0.05545681,-0.034513313,-0.062020224,-0.014522668,-125.446,-9.200752,5.0327864,1658273999000,61.0,-1380
0.0,0.0,0.0,0.0,0.0,-0.07190689,-0.14662868,-0.05545681,-0.034513313,-0.062020224,-0.014522668,-123.897255,-9.200752,5.0327864,1658273999000,61.0,-1380
0.0,0.0,0.0,0.0,0.0,-0.010913082,0.18806112,-0.022392234,-0.034513313,-0.062020224,-0.014522668,-123.897255,-9.200752,5.0327864,1658274000000,61.0,-1380
0.0,0.0,0.0,0.0,0.0,-0.010913082,0.18806112,-0.022392234,-0.034513313,-0.062020224,-0.014522668,-123.601166,-7.162758,4.852158,1658274000000,61.0,-1380
0.0,0.0,0.0,0.0,0.0,-0.010913082,0.18806112,-0.022392234,0.0461939,-0.03709354,-0.005408256,-123.601166,-7.162758,4.852158,1658274000000,61.0,-1380
0.0,0.0,0.0,0.0,0.0,-0.010913082,0.18806112,-0.022392234,0.0461939,-0.03709354,-0.005408256,-120.7769,-7.162758,4.852158,1658274000000,61.0,-1380
0.0,0.0,0.0,0.0,0.0,-0.010913082,0.18806112,-0.022392234,0.0461939,-0.03709354,-0.005408256,-121.715096,-10.187956,2.9498115,1658274000000,61.0,-1380
0.0,0.0,0.0,0.0,0.0,-0.037942022,-0.039497323,0.16115132,0.0461939,-0.03709354,-0.005408256,-121.715096,-10.187956,2.9498115,1658274000000,61.0,-1380
0.0,0.0,0.0,0.0,0.0,-0.037942022,-0.039497323,0.16115132,0.06293607,-0.042967267,0.0088829165,-121.715096,-10.187956,2.9498115,1658274000000,61.0,-1380
0.0,0.0,0.0,0.0,0.0,-0.037942022,-0.039497323,0.16115132,0.06293607,-0.042967267,0.0088829165,-117.90207,-10.187956,2.9498115,1658274000000,61.0,-1380
0.0,0.0,0.0,0.0,0.0,-0.037942022,-0.039497323,0.16115132,0.06293607,-0.042967267,0.0088829165,-118.26791,-10.921318,1.8967345,1658274000000,61.0,-1380
0.0,0.0,0.0,0.0,0.0,0.044212118,0.086422235,-0.14338781,0.06293607,-0.042967267,0.0088829165,-118.26791,-10.921318,1.8967345,1658274000000,61.0,-1380
0.0,0.0,0.0,0.0,0.0,0.044212118,0.086422235,-0.14338781,0.06293607,-0.042967267,0.0088829165,-114.44877,-10.921318,1.8967345,1658274000000,61.0,-1380
0.0,0.0,0.0,0.0,0.0,0.044212118,0.086422235,-0.14338781,-0.019019311,0.07720004,-0.014121131,-114.44877,-10.921318,1.8967345,1658274000000,61.0,-1380
0.0,0.0,0.0,0.0,0.0,0.044212118,0.086422235,-0.14338781,-0.019019311,0.07720004,-0.014121131,-114.208565,-10.699369,2.8112864,1658274000000,61.0,-1380
0.0,0.0,0.0,0.0,0.0,0.07980475,-0.029951619,-0.38747025,-0.019019311,0.07720004,-0.014121131,-114.208565,-10.699369,2.8112864,1658274000000,61.0,-1380
0.0,0.0,0.0,0.0,0.0,0.07980475,-0.029951619,-0.38747025,-0.054415315,0.07389666,0.004669169,-114.208565,-10.699369,2.8112864,1658274000000,61.0,-1380
0.0,0.0,0.0,0.0,0.0,0.07980475,-0.029951619,-0.38747025,-0.054415315,0.07389666,0.004669169,-110.90704,-10.699369,2.8112864,1658274000000,61.0,-1380
0.0,0.0,0.0,0.0,0.0,-0.0020357063,0.037268404,0.11818242,-0.054415315,0.07389666,0.004669169,-110.90704,-10.699369,2.8112864,1658274000000,61.0,-1380
0.0,0.0,0.0,0.0,0.0,-0.0020357063,0.037268404,0.11818242,-0.054415315,0.07389666,0.004669169,-110.56145,-10.957468,4.5127215,1658274000000,61.0,-1380
0.0,0.0,0.0,0.0,0.0,-0.0020357063,0.037268404,0.11818242,-0.054415315,0.07389666,0.004669169,-108.04601,-10.957468,4.5127215,1658274000000,61.0,-1380
0.0,0.0,0.0,0.0,0.0,-0.0020357063,0.037268404,0.11818242,0.024183929,0.036320865,0.001322912,-108.04601,-10.957468,4.5127215,1658274000000,61.0,-1380
0.0,0.0,0.0,0.0,0.0,-0.047882713,0.006189734,0.016693497,0.024183929,0.036320865,0.001322912,-108.04601,-10.957468,4.5127215,1658274000000,61.0,-1380
0.0,0.0,0.0,0.0,0.0,-0.047882713,0.006189734,0.016693497,0.024183929,0.036320865,0.001322912,-107.74009,-9.74537,5.8546925,1658274000000,61.0,-1380
0.0,0.0,0.0,0.0,0.0,-0.047882713,0.006189734,0.016693497,0.024183929,0.036320865,0.001322912,-105.77878,-9.74537,5.8546925,1658274000000,61.0,-1380
0.0,0.0,0.0,0.0,0.0,-0.047882713,0.006189734,0.016693497,-0.06304496,-0.0073900693,-3.2151665E-4,-105.77878,-9.74537,5.8546925,1658274000000,61.0,-1380
0.0,0.0,0.0,0.0,0.0,-0.032747395,-0.101689585,-0.30327335,-0.06304496,-0.0073900693,-3.2151665E-4,-105.77878,-9.74537,5.8546925,1658274000000,61.0,-1380
0.0,0.0,0.0,0.0,0.0,-0.032747395,-0.101689585,-0.30327335,-0.06304496,-0.0073900693,-3.2151665E-4,-105.65529,-9.337531,6.5039315,1658274000000,61.0,-1380
0.0,0.0,0.0,0.0,0.0,-0.032747395,-0.101689585,-0.30327335,-0.06304496,-0.0073900693,-3.2151665E-4,-103.98428,-9.337531,6.5039315,1658274000000,61.0,-1380
0.0,0.0,0.0,0.0,0.0,-0.032747395,-0.101689585,-0.30327335,-0.09126362,0.050689545,0.019096313,-103.98428,-9.337531,6.5039315,1658274000000,61.0,-1380
0.0,0.0,0.0,0.0,0.0,-0.032747395,-0.101689585,-0.30327335,-0.09126362,0.050689545,0.019096313,-103.797386,-6.2925715,7.2990303,1658274000000,61.0,-1380
0.0,0.0,0.0,0.0,0.0,-0.04594306,0.12759382,0.49957383,-0.09126362,0.050689545,0.019096313,-103.797386,-6.2925715,7.2990303,1658274000000,61.0,-1380
0.0,0.0,0.0,0.0,0.0,-0.04594306,0.12759382,0.49957383,-0.09126362,0.050689545,0.019096313,-102.6635,-6.2925715,7.2990303,1658274000000,61.0,-1380
0.0,0.0,0.0,0.0,0.0,-0.04594306,0.12759382,0.49957383,0.07467557,-0.105633475,-0.006136476,-102.6635,-6.2925715,7.2990303,1658274000000,61.0,-1380
0.0,0.0,0.0,0.0,0.0,-0.02189323,-0.20200758,-0.31538764,0.07467557,-0.105633475,-0.006136476,-102.6635,-6.2925715,7.2990303,1658274000000,61.0,-1380
0.0,0.0,0.0,0.0,0.0,-0.02189323,-0.20200758,-0.31538764,0.07467557,-0.105633475,-0.006136476,-102.88468,-6.2396784,5.424008,1658274000000,61.0,-1380
0.0,0.0,0.0,0.0,0.0,-0.02189323,-0.20200758,-0.31538764,0.07467557,-0.105633475,-0.006136476,-102.82974,-6.2396784,5.424008,1658274000000,61.0,-1380
0.0,0.0,0.0,0.0,0.0,-0.02189323,-0.20200758,-0.31538764,0.031861298,-0.011680056,0.024318043,-102.82974,-6.2396784,5.424008,1658274000000,61.0,-1380
0.0,0.0,0.0,0.0,0.0,-0.02189323,-0.20200758,-0.31538764,0.031861298,-0.011680056,0.024318043,-102.7622,-7.4317126,6.4772735,1658274000000,61.0,-1380
0.0,0.0,0.0,0.0,0.0,0.04843706,2.3671557E-4,0.35778314,0.031861298,-0.011680056,0.024318043,-102.7622,-7.4317126,6.4772735,1658274000000,61.0,-1380
0.0,0.0,0.0,0.0,0.0,0.04843706,2.3671557E-4,0.35778314,0.031861298,-0.011680056,0.024318043,-104.02636,-7.4317126,6.4772735,1658274000000,61.0,-1380
0.0,0.0,0.0,0.0,0.0,0.04843706,2.3671557E-4,0.35778314,0.05132521,2.5447074E-4,-0.017694205,-104.02636,-7.4317126,6.4772735,1658274000000,61.0,-1380
0.0,0.0,0.0,0.0,0.0,-0.02147462,0.037470832,-0.01618369,0.05132521,2.5447074E-4,-0.017694205,-104.02636,-7.4317126,6.4772735,1658274000000,61.0,-1380
0.0,0.0,0.0,0.0,0.0,-0.02147462,0.037470832,-0.01618369,0.05132521,2.5447074E-4,-0.017694205,-104.00852,-4.80081,4.8060637,1658274000000,61.0,-1380
0.0,0.0,0.0,0.0,0.0,-0.02147462,0.037470832,-0.01618369,0.05132521,2.5447074E-4,-0.017694205,-106.71366,-4.80081,4.8060637,1658274000000,61.0,-1380
0.0,0.0,0.0,0.0,0.0,-0.02147462,0.037470832,-0.01618369,-0.048396353,0.0045238384,0.0084033795,-106.71366,-4.80081,4.8060637,1658274000000,61.0,-1380
0.0,0.0,0.0,0.0,0.0,-0.02147462,0.037470832,-0.01618369,-0.048396353,0.0045238384,0.0084033795,-110.835785,-4.80081,4.8060637,1658274000000,61.0,-1380
0.0,0.0,0.0,0.0,0.0,-0.02147462,0.037470832,-0.01618369,-0.048396353,0.0045238384,0.0084033795,-111.58205,-6.296338,2.108874,1658274000000,61.0,-1380
0.0,0.0,0.0,0.0,0.0,0.081072874,-0.100068726,0.0905668,-0.048396353,0.0045238384,0.0084033795,-111.58205,-6.296338,2.108874,1658274000000,61.0,-1380
0.0,0.0,0.0,0.0,0.0,0.081072874,-0.100068726,0.0905668,0.062890224,-0.023737637,0.0036796792,-111.58205,-6.296338,2.108874,1658274000000,61.0,-1380
0.0,0.0,0.0,0.0,0.0,0.15945938,0.016459802,-0.021560267,0.062890224,-0.023737637,0.0036796792,-111.58205,-6.296338,2.108874,1658274000000,61.0,-1380
0.0,0.0,0.0,0.0,0.0,0.15945938,0.016459802,-0.021560267,0.062890224,-0.023737637,0.0036796792,-111.97837,-9.834488,3.3396254,1658274000000,61.0,-1380
0.0,0.0,0.0,0.0,0.0,0.15945938,0.016459802,-0.021560267,0.062890224,-0.023737637,0.0036796792,-116.83549,-9.834488,3.3396254,1658274000000,61.0,-1380
0.0,0.0,0.0,0.0,0.0,0.15945938,0.016459802,-0.021560267,-0.016599271,-0.013010475,-0.018741667,-116.83549,-9.834488,3.3396254,1658274000000,61.0,-1380
0.0,0.0,0.0,0.0,0.0,0.15945938,0.016459802,-0.021560267,-0.016599271,-0.013010475,-0.018741667,-121.5687,-9.834488,3.3396254,1658274000000,61.0,-1380
0.0,0.0,0.0,0.0,0.0,0.15945938,0.016459802,-0.021560267,-0.016599271,-0.013010475,-0.018741667,-120.467705,-4.9135456,4.0633373,1658274000000,61.0,-1380
0.0,0.0,0.0,0.0,0.0,-0.027155785,0.115030184,-0.40553856,-0.016599271,-0.013010475,-0.018741667,-120.467705,-4.9135456,4.0633373,1658274000000,61.0,-1380
0.0,0.0,0.0,0.0,0.0,-0.027155785,0.115030184,-0.40553856,0.05308401,0.008767167,-0.003841931,-120.467705,-4.9135456,4.0633373,1658274000000,61.0,-1380
0.0,0.0,0.0,0.0,0.0,-0.027155785,0.115030184,-0.40553856,0.05308401,0.008767167,-0.003841931,-125.23402,-4.9135456,4.0633373,1658274000000,61.0,-1380
0.0,0.0,0.0,0.0,0.0,-0.0629934,-0.2216667,0.13836609,0.05308401,0.008767167,-0.003841931,-125.23402,-4.9135456,4.0633373,1658274000000,61.0,-1380
0.0,0.0,0.0,0.0,0.0,-0.0629934,-0.2216667,0.13836609,0.05308401,0.008767167,-0.003841931,-125.62504,-7.000201,4.086565,1658274000000,61.0,-1380
0.0,0.0,0.0,0.0,0.0,-0.0629934,-0.2216667,0.13836609,-0.113868766,0.030512422,0.004355176,-125.62504,-7.000201,4.086565,1658274000000,61.0,-1380
0.0,0.0,0.0,0.0,0.0,-0.0629934,-0.2216667,0.13836609,-0.113868766,0.030512422,0.004355176,-129.12347,-7.000201,4.086565,1658274001000,61.0,-1380
0.0,0.0,0.0,0.0,0.0,-0.0629934,-0.2216667,0.13836609,-0.113868766,0.030512422,0.004355176,-128.80074,-7.435445,5.6426787,1658274001000,61.0,-1380
0.0,0.0,0.0,0.0,0.0,-0.027234625,0.120696545,0.23419337,-0.113868766,0.030512422,0.004355176,-128.80074,-7.435445,5.6426787,1658274001000,61.0,-1380
0.0,0.0,0.0,0.0,0.0,-0.027234625,0.120696545,0.23419337,0.036826134,-0.019492118,-0.0051739914,-128.80074,-7.435445,5.6426787,1658274001000,61.0,-1380
0.0,0.0,0.0,0.0,0.0,-0.027234625,0.120696545,0.23419337,0.036826134,-0.019492118,-0.0051739914,-131.12515,-7.435445,5.6426787,1658274001000,61.0,-1380
0.0,0.0,0.0,0.0,0.0,-0.08568383,0.024658618,-0.16186368,0.036826134,-0.019492118,-0.0051739914,-131.12515,-7.435445,5.6426787,1658274001000,61.0,-1380
0.0,0.0,0.0,0.0,0.0,-0.08568383,0.024658618,-0.16186368,0.036826134,-0.019492118,-0.0051739914,-131.08002,-7.8357825,6.0395484,1658274001000,61.0,-1380
0.0,0.0,0.0,0.0,0.0,-0.08568383,0.024658618,-0.16186368,-0.06838303,0.012346831,-0.012373245,-131.08002,-7.8357825,6.0395484,1658274001000,61.0,-1380
0.0,0.0,0.0,0.0,0.0,-0.08568383,0.024658618,-0.16186368,-0.06838303,0.012346831,-0.012373245,-131.82445,-7.8357825,6.0395484,1658274001000,61.0,-1380
0.0,0.0,0.0,0.0,0.0,-0.08568383,0.024658618,-0.16186368,-0.06838303,0.012346831,-0.012373245,-131.21346,-4.566357,6.820744,1658274001000,61.0,-1380
0.0,0.0,0.0,0.0,0.0,-0.034506373,0.03606047,-0.23151357,-0.06838303,0.012346831,-0.012373245,-131.21346,-4.566357,6.820744,1658274001000,61.0,-1380
0.0,0.0,0.0,0.0,0.0,-0.034506373,0.03606047,-0.23151357,0.018934676,0.0027067296,-0.0038063047,-131.21346,-4.566357,6.820744,1658274001000,61.0,-1380
0.0,0.0,0.0,0.0,0.0,-0.034506373,0.03606047,-0.23151357,0.018934676,0.0027067296,-0.0038063047,-130.63905,-4.566357,6.820744,1658274001000,61.0,-1380
0.0,0.0,0.0,0.0,0.0,-0.034506373,0.03606047,-0.23151357,0.018934676,0.0027067296,-0.0038063047,-130.3985,-6.8065653,9.350359,1658274001000,61.0,-1380
0.0,0.0,0.0,0.0,0.0,-0.092910014,-0.091813415,0.3503804,0.018934676,0.0027067296,-0.0038063047,-130.3985,-6.8065653,9.350359,1658274001000,61.0,-1380
0.0,0.0,0.0,0.0,0.0,-0.092910014,-0.091813415,0.3503804,-0.043810043,0.030883523,-0.018691964,-130.3985,-6.8065653,9.350359,1658274001000,61.0,-1380
0.0,0.0,0.0,0.0,0.0,-0.092910014,-0.091813415,0.3503804,-0.043810043,0.030883523,-0.018691964,-129.32141,-6.8065653,9.350359,1658274001000,61.0,-1380
0.0,0.0,0.0,0.0,0.0,-0.092910014,-0.091813415,0.3503804,-0.043810043,0.030883523,-0.018691964,-128.97713,-3.4814765,9.361472,1658274001000,61.0,-1380
0.0,0.0,0.0,0.0,0.0,-0.11839584,0.12390954,-0.12470971,-0.043810043,0.030883523,-0.018691964,-128.97713,-3.4814765,9.361472,1658274001000,61.0,-1380
0.0,0.0,0.0,0.0,0.0,-0.11839584,0.12390954,-0.12470971,0.09239417,-0.09620671,0.0184218,-128.97713,-3.4814765,9.361472,1658274001000,61.0,-1380
0.0,0.0,0.0,0.0,0.0,-0.11839584,0.12390954,-0.12470971,0.09239417,-0.09620671,0.0184218,-127.90613,-3.4814765,9.361472,1658274001000,61.0,-1380
0.0,0.0,0.0,0.0,0.0,-0.12287861,-0.1271626,0.2803715,0.09239417,-0.09620671,0.0184218,-127.90613,-3.4814765,9.361472,1658274001000,61.0,-1380
0.0,0.0,0.0,0.0,0.0,-0.12287861,-0.1271626,0.2803715,0.09239417,-0.09620671,0.0184218,-129.0147,-4.984017,4.3472433,1658274001000,61.0,-1380
0.0,0.0,0.0,0.0,0.0,-0.12287861,-0.1271626,0.2803715,0.040791962,0.05629086,0.034557063,-129.0147,-4.984017,4.3472433,1658274001000,61.0,-1380
0.0,0.0,0.0,0.0,0.0,-0.12287861,-0.1271626,0.2803715,0.040791962,0.05629086,0.034557063,-128.49817,-4.984017,4.3472433,1658274001000,61.0,-1380
0.0,0.0,0.0,0.0,0.0,-0.12287861,-0.1271626,0.2803715,0.040791962,0.05629086,0.034557063,-129.30183,-6.1503043,1.7078878,1658274001000,61.0,-1380
0.0,0.0,0.0,0.0,0.0,0.2906004,0.001067725,-0.16280176,0.040791962,0.05629086,0.034557063,-129.30183,-6.1503043,1.7078878,1658274001000,61.0,-1380
0.0,0.0,0.0,0.0,0.0,0.2906004,0.001067725,-0.16280176,-0.06929781,6.396855E-4,-0.037985697,-129.30183,-6.1503043,1.7078878,1658274001000,61.0,-1380
0.0,0.0,0.0,0.0,0.0,0.2906004,0.001067725,-0.16280176,-0.06929781,6.396855E-4,-0.037985697,-128.58984,-6.1503043,1.7078878,1658274001000,61.0,-1380
0.0,0.0,0.0,0.0,0.0,0.23262733,0.07022158,-0.18103716,-0.06929781,6.396855E-4,-0.037985697,-128.58984,-6.1503043,1.7078878,1658274001000,61.0,-1380
0.0,0.0,0.0,0.0,0.0,0.23262733,0.07022158,-0.18103716,-0.06929781,6.396855E-4,-0.037985697,-127.99148,-6.325391,4.3448496,1658274001000,61.0,-1380
0.0,0.0,0.0,0.0,0.0,0.23262733,0.07022158,-0.18103716,0.033952672,0.081565805,-0.034562644,-127.99148,-6.325391,4.3448496,1658274001000,61.0,-1380
0.0,0.0,0.0,0.0,0.0,0.23262733,0.07022158,-0.18103716,0.033952672,0.081565805,-0.034562644,-127.611374,-6.325391,4.3448496,1658274001000,61.0,-1380
0.0,0.0,0.0,0.0,0.0,0.23262733,0.07022158,-0.18103716,0.033952672,0.081565805,-0.034562644,-126.8851,-4.1049814,6.010203,1658274001000,61.0,-1380
0.0,0.0,0.0,0.0,0.0,-0.027808852,0.06370173,0.2397964,0.033952672,0.081565805,-0.034562644,-126.8851,-4.1049814,6.010203,1658274001000,61.0,-1380
0.0,0.0,0.0,0.0,0.0,-0.027808852,0.06370173,0.2397964,-0.021976717,-0.05420427,-0.014932571,-126.8851,-4.1049814,6.010203,1658274001000,61.0,-1380
0.0,0.0,0.0,0.0,0.0,-0.027808852,0.06370173,0.2397964,-0.021976717,-0.05420427,-0.014932571,-126.308914,-4.1049814,6.010203,1658274001000,61.0,-1380
0.0,0.0,0.0,0.0,0.0,-0.027808852,0.06370173,0.2397964,-0.021976717,-0.05420427,-0.014932571,-125.62662,-3.494571,9.062067,1658274001000,61.0,-1380
0.0,0.0,0.0,0.0,0.0,-0.08438726,-0.1040766,-0.12946786,-0.021976717,-0.05420427,-0.014932571,-125.62662,-3.494571,9.062067,1658274001000,61.0,-1380
0.0,0.0,0.0,0.0,0.0,-0.08438726,-0.1040766,-0.12946786,0.13686176,0.087596454,0.05822923,-125.62662,-3.494571,9.062067,1658274001000,61.0,-1380
0.0,0.0,0.0,0.0,0.0,-0.08438726,-0.1040766,-0.12946786,0.13686176,0.087596454,0.05822923,-124.97517,-3.494571,9.062067,1658274001000,61.0,-1380
0.0,0.0,0.0,0.0,0.0,-0.08438726,-0.1040766,-0.12946786,0.13686176,0.087596454,0.05822923,-125.20714,-7.112516,10.62245,1658274001000,61.0,-1380
0.0,0.0,0.0,0.0,0.0,-0.1885854,-0.10310674,0.3247296,0.13686176,0.087596454,0.05822923,-125.20714,-7.112516,10.62245,1658274001000,61.0,-1380
0.0,0.0,0.0,0.0,0.0,-0.1885854,-0.10310674,0.3247296,0.021801239,-0.14324437,0.07979579,-125.20714,-7.112516,10.62245,1658274001000,61.0,-1380
0.0,0.0,0.0,0.0,0.0,-0.1885854,-0.10310674,0.3247296,0.021801239,-0.14324437,0.07979579,-124.89432,-7.112516,10.62245,1658274001000,61.0,-1380
0.0,0.0,0.0,0.0,0.0,-0.058379717,0.011271277,-0.62691957,0.021801239,-0.14324437,0.07979579,-124.89432,-7.112516,10.62245,1658274001000,61.0,-1380
0.0,0.0,0.0,0.0,0.0,-0.058379717,0.011271277,-0.62691957,0.021801239,-0.14324437,0.07979579,-127.66066,-9.655123,2.1470163,1658274001000,61.0,-1380
0.0,0.0,0.0,0.0,0.0,-0.058379717,0.011271277,-0.62691957,-0.10906664,-0.06471249,0.0033497808,-127.66066,-9.655123,2.1470163,1658274001000,61.0,-1380
0.0,0.0,0.0,0.0,0.0,-0.058379717,0.011271277,-0.62691957,-0.10906664,-0.06471249,0.0033497808,-127.79298,-9.655123,2.1470163,1658274001000,61.0,-1380
0.0,0.0,0.0,0.0,0.0,-0.058379717,0.011271277,-0.62691957,-0.10906664,-0.06471249,0.0033497808,-127.43006,-7.515023,1.7181607,1658274001000,61.0,-1380
0.0,0.0,0.0,0.0,0.0,0.33016166,0.15049852,-0.038971614,-0.10906664,-0.06471249,0.0033497808,-127.43006,-7.515023,1.7181607,1658274001000,61.0,-1380
0.0,0.0,0.0,0.0,0.0,0.33016166,0.15049852,-0.038971614,-0.16586223,0.043238465,-0.08161024,-127.43006,-7.515023,1.7181607,1658274001000,61.0,-1380
0.0,0.0,0.0,0.0,0.0,0.33016166,0.15049852,-0.038971614,-0.16586223,0.043238465,-0.08161024,-127.525826,-7.515023,1.7181607,1658274001000,61.0,-1380
0.0,0.0,0.0,0.0,0.0,0.1000739,0.060986083,0.14964014,-0.16586223,0.043238465,-0.08161024,-127.525826,-7.515023,1.7181607,1658274001000,61.0,-1380
0.0,0.0,0.0,0.0,0.0,0.1000739,0.060986083,0.14964014,-0.16586223,0.043238465,-0.08161024,-126.38894,-5.6049395,3.759381,1658274001000,61.0,-1380
0.0,0.0,0.0,0.0,0.0,0.1000739,0.060986083,0.14964014,0.09207798,0.03440519,-0.009102176,-126.38894,-5.6049395,3.759381,1658274001000,61.0,-1380
0.0,0.0,0.0,0.0,0.0,0.1000739,0.060986083,0.14964014,0.09207798,0.03440519,-0.009102176,-126.4546,-5.6049395,3.759381,1658274001000,61.0,-1380
0.0,0.0,0.0,0.0,0.0,-0.10464766,-0.044904694,0.37908518,0.09207798,0.03440519,-0.009102176,-126.4546,-5.6049395,3.759381,1658274002000,61.0,-1380
0.0,0.0,0.0,0.0,0.0,-0.10464766,-0.044904694,0.37908518,0.09207798,0.03440519,-0.009102176,-125.70542,-5.543886,6.322495,1658274002000,61.0,-1380
0.0,0.0,0.0,0.0,0.0,-0.10464766,-0.044904694,0.37908518,0.09548052,-0.008736794,0.010928097,-125.70542,-5.543886,6.322495,1658274002000,61.0,-1380
0.0,0.0,0.0,0.0,0.0,-0.10464766,-0.044904694,0.37908518,0.09548052,-0.008736794,0.010928097,-125.61239,-5.543886,6.322495,1658274002000,61.0,-1380
0.0,0.0,0.0,0.0,0.0,-0.15430415,-0.099455,-0.26841727,0.09548052,-0.008736794,0.010928097,-125.61239,-5.543886,6.322495,1658274002000,61.0,-1380
0.0,0.0,0.0,0.0,0.0,-0.15430415,-0.099455,-0.26841727,0.09548052,-0.008736794,0.010928097,-126.28446,-5.6920576,4.1563625,1658274002000,61.0,-1380
0.0,0.0,0.0,0.0,0.0,-0.15430415,-0.099455,-0.26841727,-0.0875311,0.020612998,0.023797685,-126.28446,-5.6920576,4.1563625,1658274002000,61.0,-1380
0.0,0.0,0.0,0.0,0.0,-0.15430415,-0.099455,-0.26841727,-0.0875311,0.020612998,0.023797685,-126.47153,-5.6920576,4.1563625,1658274002000,61.0,-1380
0.0,0.0,0.0,0.0,0.0,-0.15430415,-0.099455,-0.26841727,-0.0875311,0.020612998,0.023797685,-126.295044,-5.0670266,4.1485863,1658274002000,61.0,-1380
0.0,0.0,0.0,0.0,0.0,0.04905462,0.02153664,0.064368285,-0.0875311,0.020612998,0.023797685,-126.295044,-5.0670266,4.1485863,1658274002000,61.0,-1380
0.0,0.0,0.0,0.0,0.0,0.04905462,0.02153664,0.064368285,0.026880408,0.013266127,0.026855666,-126.295044,-5.0670266,4.1485863,1658274002000,61.0,-1380
0.0,0.0,0.0,0.0,0.0,0.04905462,0.02153664,0.064368285,0.026880408,0.013266127,0.026855666,-127.36967,-5.0670266,4.1485863,1658274002000,61.0,-1380
0.0,0.0,0.0,0.0,0.0,0.003387582,-0.01399018,0.17039911,0.026880408,0.013266127,0.026855666,-127.36967,-5.0670266,4.1485863,1658274002000,61.0,-1380
0.0,0.0,0.0,0.0,0.0,0.003387582,-0.01399018,0.17039911,0.026880408,0.013266127,0.026855666,-127.59758,-5.563438,3.8616276,1658274002000,61.0,-1380
0.0,0.0,0.0,0.0,0.0,0.003387582,-0.01399018,0.17039911,0.057407487,-0.005054693,-0.009164818,-127.59758,-5.563438,3.8616276,1658274002000,61.0,-1380
0.0,0.0,0.0,0.0,0.0,0.003387582,-0.01399018,0.17039911,0.057407487,-0.005054693,-0.009164818,-129.14056,-5.563438,3.8616276,1658274002000,61.0,-1380
0.0,0.0,0.0,0.0,0.0,0.003387582,-0.01399018,0.17039911,0.057407487,-0.005054693,-0.009164818,-129.9087,-7.1208158,2.8201466,1658274002000,61.0,-1380
0.0,0.0,0.0,0.0,0.0,0.017780542,-3.5035053E-5,0.09455678,0.057407487,-0.005054693,-0.009164818,-129.9087,-7.1208158,2.8201466,1658274002000,61.0,-1380
0.0,0.0,0.0,0.0,0.0,0.017780542,-3.5035053E-5,0.09455678,-0.03962793,-9.6901244E-4,-0.025114436,-129.9087,-7.1208158,2.8201466,1658274002000,61.0,-1380
0.0,0.0,0.0,0.0,0.0,0.017780542,-3.5035053E-5,0.09455678,-0.03962793,-9.6901244E-4,-0.025114436,-131.08318,-7.1208158,2.8201466,1658274002000,61.0,-1380
--GPS FIRST FIX LOCKED--
--GPS LOCATION CHANGED--
40.43659194,-79.99574721,266.178466796875,28.352568,8.58,0.07445236,0.062303565,-0.1987736,-0.03962793,-9.6901244E-4,-0.025114436,-131.08318,-7.1208158,2.8201466,1658274002000,61.0,-1380
40.43659194,-79.99574721,266.178466796875,28.352568,8.58,0.07445236,0.062303565,-0.1987736,-0.03962793,-9.6901244E-4,-0.025114436,-129.89513,-5.6693106,5.260746,1658274002000,61.0,-1380
40.43659194,-79.99574721,266.178466796875,28.352568,8.58,0.07445236,0.062303565,-0.1987736,-0.03962793,-9.6901244E-4,-0.025114436,-130.26534,-5.6693106,5.260746,1658274002000,61.0,-1380
40.43659194,-79.99574721,266.178466796875,28.352568,8.58,0.07445236,0.062303565,-0.1987736,-0.022044016,-0.007297969,-0.013163473,-130.26534,-5.6693106,5.260746,1658274002000,61.0,-1380
40.43659194,-79.99574721,266.178466796875,28.352568,8.58,0.07445236,0.062303565,-0.1987736,-0.022044016,-0.007297969,-0.013163473,-130.62755,-6.308309,4.6544366,1658274002000,61.0,-1380
40.43659194,-79.99574721,266.178466796875,28.352568,8.58,-0.11533601,-0.056087658,-0.09471988,-0.022044016,-0.007297969,-0.013163473,-130.62755,-6.308309,4.6544366,1658274002000,61.0,-1380
40.43659194,-79.99574721,266.178466796875,28.352568,8.58,-0.11533601,-0.056087658,-0.09471988,0.08455716,0.025707882,0.026980871,-130.62755,-6.308309,4.6544366,1658274002000,61.0,-1380
40.43659194,-79.99574721,266.178466796875,28.352568,8.58,-0.11533601,-0.056087658,-0.09471988,0.08455716,0.025707882,0.026980871,-130.89864,-6.308309,4.6544366,1658274002000,61.0,-1380
40.43659194,-79.99574721,266.178466796875,28.352568,8.58,-0.022897666,0.024923854,0.3480214,0.08455716,0.025707882,0.026980871,-130.89864,-6.308309,4.6544366,1658274002000,61.0,-1380
40.43659194,-79.99574721,266.178466796875,28.352568,8.58,-0.022897666,0.024923854,0.3480214,0.08455716,0.025707882,0.026980871,-131.12656,-6.9263577,4.4441347,1658274002000,61.0,-1380
40.43659194,-79.99574721,266.178466796875,28.352568,8.58,-0.022897666,0.024923854,0.3480214,-0.010187339,0.0015901555,-0.020563921,-131.12656,-6.9263577,4.4441347,1658274002000,61.0,-1380
40.43659194,-79.99574721,266.178466796875,28.352568,8.58,-0.022897666,0.024923854,0.3480214,-0.010187339,0.0015901555,-0.020563921,-131.25737,-6.9263577,4.4441347,1658274002000,61.0,-1380
40.43659194,-79.99574721,266.178466796875,28.352568,8.58,-0.022897666,0.024923854,0.3480214,-0.010187339,0.0015901555,-0.020563921,-131.27948,-9.291373,5.9740944,1658274002000,61.0,-1380
40.43659194,-79.99574721,266.178466796875,28.352568,8.58,0.05576594,-0.041134786,-0.37708095,-0.010187339,0.0015901555,-0.020563921,-131.27948,-9.291373,5.9740944,1658274002000,61.0,-1380
40.43659194,-79.99574721,266.178466796875,28.352568,8.58,0.05576594,-0.041134786,-0.37708095,-0.010187339,0.0015901555,-0.020563921,-131.74872,-9.291373,5.9740944,1658274002000,61.0,-1380
40.43659194,-79.99574721,266.178466796875,28.352568,8.58,0.05576594,-0.041134786,-0.37708095,-0.03402833,-0.026488,0.005369857,-131.74872,-9.291373,5.9740944,1658274002000,61.0,-1380
40.43659194,-79.99574721,266.178466796875,28.352568,8.58,-0.0820576,0.11747304,-0.049073037,-0.03402833,-0.026488,0.005369857,-131.74872,-9.291373,5.9740944,1658274002000,61.0,-1380
40.43659194,-79.99574721,266.178466796875,28.352568,8.58,-0.0820576,0.11747304,-0.049073037,-0.03402833,-0.026488,0.005369857,-132.0213,-7.6578255,4.129289,1658274002000,61.0,-1380
40.43659194,-79.99574721,266.178466796875,28.352568,8.58,-0.0820576,0.11747304,-0.049073037,0.007745832,0.013751627,0.006451608,-132.0213,-7.6578255,4.129289,1658274002000,61.0,-1380
40.43659194,-79.99574721,266.178466796875,28.352568,8.58,-0.0820576,0.11747304,-0.049073037,0.007745832,0.013751627,0.006451608,-132.65964,-7.6578255,4.129289,1658274002000,61.0,-1380
40.43659194,-79.99574721,266.178466796875,28.352568,8.58,0.07516797,-0.07634597,-0.029480515,0.007745832,0.013751627,0.006451608,-132.65964,-7.6578255,4.129289,1658274002000,61.0,-1380
40.43659194,-79.99574721,266.178466796875,28.352568,8.58,0.07516797,-0.07634597,-0.029480515,0.007745832,0.013751627,0.006451608,-132.74373,-8.19814,4.242652,1658274002000,61.0,-1380
40.43659194,-79.99574721,266.178466796875,28.352568,8.58,0.07516797,-0.07634597,-0.029480515,0.007745832,0.013751627,0.006451608,-132.68721,-8.19814,4.242652,1658274002000,61.0,-1380
40.43659194,-79.99574721,266.178466796875,28.352568,8.58,0.07516797,-0.07634597,-0.029480515,9.7521907E-4,0.005228199,-0.0011797387,-132.68721,-8.19814,4.242652,1658274002000,61.0,-1380
40.43659194,-79.99574721,266.178466796875,28.352568,8.58,0.01496273,0.01586721,0.1449846,9.7521907E-4,0.005228199,-0.0011797387,-132.68721,-8.19814,4.242652,1658274002000,61.0,-1380
40.43659194,-79.99574721,266.178466796875,28.352568,8.58,0.01496273,0.01586721,0.1449846,9.7521907E-4,0.005228199,-0.0011797387,-132.51123,-8.797376,5.128097,1658274002000,61.0,-1380
40.43659194,-79.99574721,266.178466796875,28.352568,8.58,0.01496273,0.01586721,0.1449846,9.7521907E-4,0.005228199,-0.0011797387,-132.06047,-8.797376,5.128097,1658274002000,61.0,-1380
40.43659194,-79.99574721,266.178466796875,28.352568,8.58,0.01496273,0.01586721,0.1449846,-0.014541308,-0.013280562,-0.0072918753,-132.06047,-8.797376,5.128097,1658274002000,61.0,-1380
40.43659194,-79.99574721,266.178466796875,28.352568,8.58,0.01496273,0.01586721,0.1449846,-0.014541308,-0.013280562,-0.0072918753,-132.39244,-9.066843,4.3494167,1658274002000,61.0,-1380
40.43659194,-79.99574721,266.178466796875,28.352568,8.58,-0.029737368,-0.0010036625,-0.14343724,-0.014541308,-0.013280562,-0.0072918753,-132.39244,-9.066843,4.3494167,1658274002000,61.0,-1380
40.43659194,-79.99574721,266.178466796875,28.352568,8.58,-0.029737368,-0.0010036625,-0.14343724,-0.014541308,-0.013280562,-0.0072918753,-131.52934,-9.066843,4.3494167,1658274002000,61.0,-1380
40.43659194,-79.99574721,266.178466796875,28.352568,8.58,-0.029737368,-0.0010036625,-0.14343724,-0.034637704,-0.003980901,-0.002929898,-131.52934,-9.066843,4.3494167,1658274002000,61.0,-1380
40.43659194,-79.99574721,266.178466796875,28.352568,8.58,0.014047482,0.05461004,0.12098994,-0.034637704,-0.003980901,-0.002929898,-131.52934,-9.066843,4.3494167,1658274002000,61.0,-1380
40.43659194,-79.99574721,266.178466796875,28.352568,8.58,0.014047482,0.05461004,0.12098994,-0.034637704,-0.003980901,-0.002929898,-131.15253,-7.633558,4.4531183,1658274002000,61.0,-1380
40.43659194,-79.99574721,266.178466796875,28.352568,8.58,0.014047482,0.05461004,0.12098994,-0.034637704,-0.003980901,-0.002929898,-130.69926,-7.633558,4.4531183,1658274002000,61.0,-1380
40.43659194,-79.99574721,266.178466796875,28.352568,8.58,0.014047482,0.05461004,0.12098994,0.0016581427,-0.0017284368,-0.003941375,-130.69926,-7.633558,4.4531183,1658274002000,61.0,-1380
40.43659194,-79.99574721,266.178466796875,28.352568,8.58,0.014047482,0.05461004,0.12098994,0.0016581427,-0.0017284368,-0.003941375,-130.90096,-7.8761826,4.0545373,1658274002000,61.0,-1380
40.43659194,-79.99574721,266.178466796875,28.352568,8.58,0.014047482,0.05461004,0.12098994,0.0016581427,-0.0017284368,-0.003941375,-130.63087,-7.8761826,4.0545373,1658274002000,61.0,-1380
40.43659194,-79.99574721,266.178466796875,28.352568,8.58,-0.0035138095,-0.06688491,0.0044984748,0.0016581427,-0.0017284368,-0.003941375,-130.63087,-7.8761826,4.0545373,1658274002000,61.0,-1380
40.43659194,-79.99574721,266.178466796875,28.352568,8.58,-0.0035138095,-0.06688491,0.0044984748,0.0016581427,-0.0017284368,-0.003941375,-130.96303,-8.687422,3.7233734,1658274002000,61.0,-1380
40.43659194,-79.99574721,266.178466796875,28.352568,8.58,-0.0035138095,-0.06688491,0.0044984748,-0.00426893,-0.005216468,0.0048294864,-130.96303,-8.687422,3.7233734,1658274002000,61.0,-1380
40.43659194,-79.99574721,266.178466796875,28.352568,8.58,-0.0035138095,-0.06688491,0.0044984748,-0.00426893,-0.005216468,0.0048294864,-131.06628,-9.065159,3.7051284,1658274002000,61.0,-1380
40.43659194,-79.99574721,266.178466796875,28.352568,8.58,-0.0035138095,-0.06688491,0.0044984748,-0.00426893,-0.005216468,0.0048294864,-130.903,-8.067797,3.4473255,1658274003000,61.0,-1380
40.43659194,-79.99574721,266.178466796875,28.352568,8.58,-0.0035138095,-0.06688491,0.0044984748,-0.00426893,-0.005216468,0.0048294864,-130.82785,-8.285872,3.8077502,1658274003000,61.0,-1380
40.43659194,-79.99574721,266.178466796875,28.352568,8.58,-0.004880371,0.039328355,0.12879418,-0.00426893,-0.005216468,0.0048294864,-130.82785,-8.285872,3.8077502,1658274003000,61.0,-1380
40.43659194,-79.99574721,266.178466796875,28.352568,8.58,-0.004880371,0.039328355,0.12879418,-0.00426893,-0.005216468,0.0048294864,-130.55768,-8.285872,3.8077502,1658274003000,61.0,-1380
40.43659194,-79.99574721,266.178466796875,28.352568,8.58,-0.004880371,0.039328355,0.12879418,-0.00426893,-0.005216468,0.0048294864,-130.75871,-8.783413,3.6321273,1658274003000,61.0,-1380
40.43659194,-79.99574721,266.178466796875,28.352568,8.58,-0.004880371,0.039328355,0.12879418,0.017226797,0.0053190943,-7.039539E-4,-130.75871,-8.783413,3.6321273,1658274003000,61.0,-1380
40.43659194,-79.99574721,266.178466796875,28.352568,8.58,-0.004880371,0.039328355,0.12879418,0.017226797,0.0053190943,-7.039539E-4,-130.51723,-7.473616,3.308939,1658274003000,61.0,-1380
40.43659194,-79.99574721,266.178466796875,28.352568,8.58,-0.004880371,0.039328355,0.12879418,0.017226797,0.0053190943,-7.039539E-4,-130.39034,-7.945844,4.0077934,1658274003000,61.0,-1380
40.43659194,-79.99574721,266.178466796875,28.352568,8.58,-0.004880371,0.039328355,0.12879418,0.017226797,0.0053190943,-7.039539E-4,-129.57402,-7.945844,4.0077934,1658274003000,61.0,-1380
40.43659194,-79.99574721,266.178466796875,28.352568,8.58,0.030192444,0.016914297,-0.043010555,0.017226797,0.0053190943,-7.039539E-4,-129.57402,-7.945844,4.0077934,1658274003000,61.0,-1380
40.43659194,-79.99574721,266.178466796875,28.352568,8.58,0.030192444,0.016914297,-0.043010555,0.017226797,0.0053190943,-7.039539E-4,-129.9068,-8.54417,3.582925,1658274003000,61.0,-1380
40.43659194,-79.99574721,266.178466796875,28.352568,8.58,0.030192444,0.016914297,-0.043010555,-0.009624095,0.0024266934,0.003089259,-129.9068,-8.54417,3.582925,1658274003000,61.0,-1380
40.43659194,-79.99574721,266.178466796875,28.352568,8.58,0.030192444,0.016914297,-0.043010555,-0.009624095,0.0024266934,0.003089259,-130.09674,-7.8805246,2.5881548,1658274003000,61.0,-1380
40.43659194,-79.99574721,266.178466796875,28.352568,8.58,0.030192444,0.016914297,-0.043010555,-0.009624095,0.0024266934,0.003089259,-129.85205,-7.8243513,3.1783311,1658274003000,61.0,-1380
40.43659194,-79.99574721,266.178466796875,28.352568,8.58,0.030192444,0.016914297,-0.043010555,-0.009624095,0.0024266934,0.003089259,-129.83948,-7.8603225,3.2392366,1658274003000,61.0,-1380
40.43659194,-79.99574721,266.178466796875,28.352568,8.58,0.030192444,0.016914297,-0.043010555,-0.009624095,0.0024266934,0.003089259,-128.02814,-7.8603225,3.2392366,1658274003000,61.0,-1380
40.43659194,-79.99574721,266.178466796875,28.352568,8.58,0.00611029,-0.010903396,0.0030115715,-0.009624095,0.0024266934,0.003089259,-128.02814,-7.8603225,3.2392366,1658274003000,61.0,-1380
40.43659194,-79.99574721,266.178466796875,28.352568,8.58,0.00611029,-0.010903396,0.0030115715,-0.009624095,0.0024266934,0.003089259,-128.46956,-8.630446,2.7187326,1658274003000,61.0,-1380
40.43659194,-79.99574721,266.178466796875,28.352568,8.58,0.00611029,-0.010903396,0.0030115715,0.016005756,0.0015672327,0.0028781525,-128.46956,-8.630446,2.7187326,1658274003000,61.0,-1380
40.43659194,-79.99574721,266.178466796875,28.352568,8.58,0.00611029,-0.010903396,0.0030115715,0.016005756,0.0015672327,0.0028781525,-128.23347,-7.9681234,2.7914677,1658274003000,61.0,-1380
40.43659194,-79.99574721,266.178466796875,28.352568,8.58,0.00611029,-0.010903396,0.0030115715,0.016005756,0.0015672327,0.0028781525,-127.969345,-8.035394,3.538154,1658274003000,61.0,-1380
40.43659194,-79.99574721,266.178466796875,28.352568,8.58,0.00611029,-0.010903396,0.0030115715,0.016005756,0.0015672327,0.0028781525,-128.03699,-8.696395,3.8870785,1658274003000,61.0,-1380
40.43659194,-79.99574721,266.178466796875,28.352568,8.58,0.030286638,-0.016235525,-0.012583158,0.016005756,0.0015672327,0.0028781525,-128.03699,-8.696395,3.8870785,1658274003000,61.0,-1380
40.43659194,-79.99574721,266.178466796875,28.352568,8.58,0.030286638,-0.016235525,-0.012583158,0.016005756,0.0015672327,0.0028781525,-125.58359,-8.696395,3.8870785,1658274003000,61.0,-1380
40.43659194,-79.99574721,266.178466796875,28.352568,8.58,0.030286638,-0.016235525,-0.012583158,-0.0045757624,0.0035901319,-0.004472429,-125.58359,-8.696395,3.8870785,1658274003000,61.0,-1380
40.43659194,-79.99574721,266.178466796875,28.352568,8.58,0.030286638,-0.016235525,-0.012583158,-0.0045757624,0.0035901319,-0.004472429,-126.034065,-9.505428,3.314891,1658274003000,61.0,-1380
40.43659194,-79.99574721,266.178466796875,28.352568,8.58,0.030286638,-0.016235525,-0.012583158,-0.0045757624,0.0035901319,-0.004472429,-125.990875,-9.987708,3.800292,1658274003000,61.0,-1380
--GPS LOCATION CHANGED--
40.43645977,-79.99585348,282.93267822265625,19.533165,10.01,0.030286638,-0.016235525,-0.012583158,-0.0045757624,0.0035901319,-0.004472429,-125.725845,-9.687461,4.283428,1658274003000,61.0,-1380
40.43645977,-79.99585348,282.93267822265625,19.533165,10.01,0.030286638,-0.016235525,-0.012583158,-0.0045757624,0.0035901319,-0.004472429,-122.07019,-9.687461,4.283428,1658274003000,61.0,-1380
40.43645977,-79.99585348,282.93267822265625,19.533165,10.01,-0.006929277,0.0040037115,-0.06873089,-0.0045757624,0.0035901319,-0.004472429,-122.07019,-9.687461,4.283428,1658274003000,61.0,-1380
40.43645977,-79.99585348,282.93267822265625,19.533165,10.01,-0.006929277,0.0040037115,-0.06873089,-0.0045757624,0.0035901319,-0.004472429,-122.23289,-10.446418,4.3894715,1658274003000,61.0,-1380
40.43645977,-79.99585348,282.93267822265625,19.533165,10.01,-0.006929277,0.0040037115,-0.06873089,-0.002585618,0.0021059616,0.007722513,-122.23289,-10.446418,4.3894715,1658274003000,61.0,-1380
40.43645977,-79.99585348,282.93267822265625,19.533165,10.01,-0.006929277,0.0040037115,-0.06873089,-0.002585618,0.0021059616,0.007722513,-122.454704,-10.825358,4.0294566,1658274003000,61.0,-1380
40.43645977,-79.99585348,282.93267822265625,19.533165,10.01,-0.006929277,0.0040037115,-0.06873089,-0.002585618,0.0021059616,0.007722513,-122.54685,-10.634647,3.6235435,1658274003000,61.0,-1380
40.43645977,-79.99585348,282.93267822265625,19.533165,10.01,-0.006929277,0.0040037115,-0.06873089,-0.002585618,0.0021059616,0.007722513,-118.34706,-10.634647,3.6235435,1658274003000,61.0,-1380
40.43645977,-79.99585348,282.93267822265625,19.533165,10.01,-0.038213525,0.085951656,-0.003757845,-0.002585618,0.0021059616,0.007722513,-118.34706,-10.634647,3.6235435,1658274003000,61.0,-1380
40.43645977,-79.99585348,282.93267822265625,19.533165,10.01,-0.038213525,0.085951656,-0.003757845,-0.002585618,0.0021059616,0.007722513,-118.29139,-9.945091,3.2702198,1658274003000,61.0,-1380
40.43645977,-79.99585348,282.93267822265625,19.533165,10.01,-0.038213525,0.085951656,-0.003757845,0.0020328755,-0.0069359355,-4.722393E-5,-118.29139,-9.945091,3.2702198,1658274003000,61.0,-1380
40.43645977,-79.99585348,282.93267822265625,19.533165,10.01,-0.038213525,0.085951656,-0.003757845,0.0020328755,-0.0069359355,-4.722393E-5,-118.15039,-9.875247,3.6865075,1658274003000,61.0,-1380
40.43645977,-79.99585348,282.93267822265625,19.533165,10.01,-0.038213525,0.085951656,-0.003757845,0.0020328755,-0.0069359355,-4.722393E-5,-118.08926,-9.768354,3.8080742,1658274003000,61.0,-1380
40.43645977,-79.99585348,282.93267822265625,19.533165,10.01,-0.038213525,0.085951656,-0.003757845,0.0020328755,-0.0069359355,-4.722393E-5,-118.07013,-9.582251,3.7225842,1658274003000,61.0,-1380
40.43645977,-79.99585348,282.93267822265625,19.533165,10.01,-0.038213525,0.085951656,-0.003757845,0.0020328755,-0.0069359355,-4.722393E-5,-113.62022,-9.582251,3.7225842,1658274003000,61.0,-1380
40.43645977,-79.99585348,282.93267822265625,19.533165,10.01,0.0019086046,0.021500394,-0.15936637,0.0020328755,-0.0069359355,-4.722393E-5,-113.62022,-9.582251,3.7225842,1658274003000,61.0,-1380
40.43645977,-79.99585348,282.93267822265625,19.533165,10.01,0.0019086046,0.021500394,-0.15936637,0.0020328755,-0.0069359355,-4.722393E-5,-113.67886,-9.958878,3.7803342,1658274003000,61.0,-1380
40.43645977,-79.99585348,282.93267822265625,19.533165,10.01,0.0019086046,0.021500394,-0.15936637,-0.022941684,0.0041390248,-0.005216008,-113.67886,-9.958878,3.7803342,1658274003000,61.0,-1380
40.43645977,-79.99585348,282.93267822265625,19.533165,10.01,0.0019086046,0.021500394,-0.15936637,-0.022941684,0.0041390248,-0.005216008,-113.79581,-10.653172,3.8377879,1658274003000,61.0,-1380
40.43645977,-79.99585348,282.93267822265625,19.533165,10.01,0.0019086046,0.021500394,-0.15936637,-0.022941684,0.0041390248,-0.005216008,-113.89036,-11.021337,3.7417076,1658274003000,61.0,-1380
40.43645977,-79.99585348,282.93267822265625,19.533165,10.01,0.0019086046,0.021500394,-0.15936637,-0.022941684,0.0041390248,-0.005216008,-110.2628,-11.021337,3.7417076,1658274003000,61.0,-1380
40.43645977,-79.99585348,282.93267822265625,19.533165,10.01,-0.0075143417,-0.004822852,0.073636405,-0.022941684,0.0041390248,-0.005216008,-110.2628,-11.021337,3.7417076,1658274003000,61.0,-1380
40.43645977,-79.99585348,282.93267822265625,19.533165,10.01,-0.0075143417,-0.004822852,0.073636405,-0.022941684,0.0041390248,-0.005216008,-110.09173,-10.590273,4.1889195,1658274003000,61.0,-1380
40.43645977,-79.99585348,282.93267822265625,19.533165,10.01,-0.0075143417,-0.004822852,0.073636405,0.01733971,-0.0057277833,-4.898899E-4,-110.09173,-10.590273,4.1889195,1658274003000,61.0,-1380
40.43645977,-79.99585348,282.93267822265625,19.533165,10.01,-0.0075143417,-0.004822852,0.073636405,0.01733971,-0.0057277833,-4.898899E-4,-110.1218,-9.937489,3.6353471,1658274003000,61.0,-1380
40.43645977,-79.99585348,282.93267822265625,19.533165,10.01,-0.0075143417,-0.004822852,0.073636405,0.01733971,-0.0057277833,-4.898899E-4,-110.08511,-9.267845,3.3169663,1658274003000,61.0,-1380
40.43645977,-79.99585348,282.93267822265625,19.533165,10.01,-0.0075143417,-0.004822852,0.073636405,0.01733971,-0.0057277833,-4.898899E-4,-107.17685,-9.267845,3.3169663,1658274003000,61.0,-1380
40.43645977,-79.99585348,282.93267822265625,19.533165,10.01,-0.0075143417,-0.004822852,0.073636405,0.01733971,-0.0057277833,-4.898899E-4,-107.13492,-9.411429,3.6166215,1658274003000,61.0,-1380
40.43645977,-79.99585348,282.93267822265625,19.533165,10.01,-0.015541915,0.035077114,0.020689145,0.01733971,-0.0057277833,-4.898899E-4,-107.13492,-9.411429,3.6166215,1658274003000,61.0,-1380
40.43645977,-79.99585348,282.93267822265625,19.533165,10.01,-0.015541915,0.035077114,0.020689145,0.01733971,-0.0057277833,-4.898899E-4,-107.03915,-9.157965,3.9409852,1658274003000,61.0,-1380
40.43645977,-79.99585348,282.93267822265625,19.533165,10.01,-0.015541915,0.035077114,0.020689145,-0.014381023,0.0021558674,-0.009497961,-107.03915,-9.157965,3.9409852,1658274003000,61.0,-1380
40.43645977,-79.99585348,282.93267822265625,19.533165,10.01,-0.015541915,0.035077114,0.020689145,-0.014381023,0.0021558674,-0.009497961,-106.97799,-9.585939,4.5010295,1658274003000,61.0,-1380
40.43645977,-79.99585348,282.93267822265625,19.533165,10.01,-0.015541915,0.035077114,0.020689145,-0.014381023,0.0021558674,-0.009497961,-107.21752,-10.709042,3.9594662,1658274003000,61.0,-1380
40.43645977,-79.99585348,282.93267822265625,19.533165,10.01,-0.015541915,0.035077114,0.020689145,-0.014381023,0.0021558674,-0.009497961,-104.859535,-10.709042,3.9594662,1658274003000,61.0,-1380
40.43645977,-79.99585348,282.93267822265625,19.533165,10.01,0.0109922625,-0.0578923,-0.017021615,-0.014381023,0.0021558674,-0.009497961,-104.859535,-10.709042,3.9594662,1658274003000,61.0,-1380
40.43645977,-79.99585348,282.93267822265625,19.533165,10.01,0.0109922625,-0.0578923,-0.017021615,-0.014381023,0.0021558674,-0.009497961,-104.86007,-10.679487,3.9450102,1658274003000,61.0,-1380
40.43645977,-79.99585348,282.93267822265625,19.533165,10.01,0.0109922625,-0.0578923,-0.017021615,-2.623483E-4,-0.0013131576,0.007169067,-104.86007,-10.679487,3.9450102,1658274003000,61.0,-1380
40.43645977,-79.99585348,282.93267822265625,19.533165,10.01,0.0109922625,-0.0578923,-0.017021615,-2.623483E-4,-0.0013131576,0.007169067,-104.8399,-10.303452,3.887396,1658274003000,61.0,-1380
40.43645977,-79.99585348,282.93267822265625,19.533165,10.01,0.0109922625,-0.0578923,-0.017021615,-2.623483E-4,-0.0013131576,0.007169067,-104.971794,-10.978954,3.5367615,1658274003000,61.0,-1380
40.43645977,-79.99585348,282.93267822265625,19.533165,10.01,0.0109922625,-0.0578923,-0.017021615,-2.623483E-4,-0.0013131576,0.007169067,-103.17721,-10.978954,3.5367615,1658274003000,61.0,-1380
40.43645977,-79.99585348,282.93267822265625,19.533165,10.01,0.0109922625,-0.0578923,-0.017021615,-2.623483E-4,-0.0013131576,0.007169067,-103.24119,-10.875357,3.1908805,1658274003000,61.0,-1380
40.43645977,-79.99585348,282.93267822265625,19.533165,10.01,-0.033011418,0.051414974,0.13307829,-2.623483E-4,-0.0013131576,0.007169067,-103.24119,-10.875357,3.1908805,1658274003000,61.0,-1380
40.43645977,-79.99585348,282.93267822265625,19.533165,10.01,-0.033011418,0.051414974,0.13307829,-2.623483E-4,-0.0013131576,0.007169067,-103.23909,-10.354344,3.0159545,1658274003000,61.0,-1380
40.43645977,-79.99585348,282.93267822265625,19.533165,10.01,-0.033011418,0.051414974,0.13307829,0.011505746,-0.0068034846,0.0010880118,-103.23909,-10.354344,3.0159545,1658274003000,61.0,-1380
40.43645977,-79.99585348,282.93267822265625,19.533165,10.01,-0.033011418,0.051414974,0.13307829,0.011505746,-0.0068034846,0.0010880118,-103.144684,-8.903841,2.9185748,1658274003000,61.0,-1380
40.43645977,-79.99585348,282.93267822265625,19.533165,10.01,-0.033011418,0.051414974,0.13307829,0.011505746,-0.0068034846,0.0010880118,-101.78909,-8.903841,2.9185748,1658274003000,61.0,-1380
40.43645977,-79.99585348,282.93267822265625,19.533165,10.01,-0.033011418,0.051414974,0.13307829,0.011505746,-0.0068034846,0.0010880118,-101.70926,-8.691729,3.3244872,1658274003000,61.0,-1380
40.43645977,-79.99585348,282.93267822265625,19.533165,10.01,0.021532508,0.01580315,-0.039061766,0.011505746,-0.0068034846,0.0010880118,-101.70926,-8.691729,3.3244872,1658274003000,61.0,-1380
40.43645977,-79.99585348,282.93267822265625,19.533165,10.01,0.021532508,0.01580315,-0.039061766,0.011505746,-0.0068034846,0.0010880118,-101.69231,-9.177767,3.5843258,1658274003000,61.0,-1380
40.43645977,-79.99585348,282.93267822265625,19.533165,10.01,0.021532508,0.01580315,-0.039061766,-0.00619762,0.007353954,-0.0074516963,-101.69231,-9.177767,3.5843258,1658274003000,61.0,-1380
40.43645977,-79.99585348,282.93267822265625,19.533165,10.01,0.021532508,0.01580315,-0.039061766,-0.00619762,0.007353954,-0.0074516963,-101.717125,-9.609821,3.56702,1658274003000,61.0,-1380
40.43645977,-79.99585348,282.93267822265625,19.533165,10.01,0.021532508,0.01580315,-0.039061766,-0.00619762,0.007353954,-0.0074516963,-101.60632,-9.032212,4.0552926,1658274003000,61.0,-1380
40.43645977,-79.99585348,282.93267822265625,19.533165,10.01,0.021532508,0.01580315,-0.039061766,-0.00619762,0.007353954,-0.0074516963,-101.20737,-9.032212,4.0552926,1658274003000,61.0,-1380
40.43645977,-79.99585348,282.93267822265625,19.533165,10.01,0.021532508,0.01580315,-0.039061766,-0.00619762,0.007353954,-0.0074516963,-101.14115,-8.516574,4.365037,1658274003000,61.0,-1380
40.43645977,-79.99585348,282.93267822265625,19.533165,10.01,0.010803539,-0.066607,0.08703806,-0.00619762,0.007353954,-0.0074516963,-101.14115,-8.516574,4.365037,1658274003000,61.0,-1380
40.43645977,-79.99585348,282.93267822265625,19.533165,10.01,0.010803539,-0.066607,0.08703806,-0.00619762,0.007353954,-0.0074516963,-101.18001,-8.241407,4.048194,1658274003000,61.0,-1380
40.43645977,-79.99585348,282.93267822265625,19.533165,10.01,0.010803539,-0.066607,0.08703806,-0.010531724,0.004726241,-0.0037693842,-101.18001,-8.241407,4.048194,1658274003000,61.0,-1380
40.43645977,-79.99585348,282.93267822265625,19.533165,10.01,0.010803539,-0.066607,0.08703806,-0.010531724,0.004726241,-0.0037693842,-101.228355,-8.471954,3.79124,1658274003000,61.0,-1380
40.43645977,-79.99585348,282.93267822265625,19.533165,10.01,0.010803539,-0.066607,0.08703806,-0.010531724,0.004726241,-0.0037693842,-101.77113,-8.471954,3.79124,1658274003000,61.0,-1380
40.43645977,-79.99585348,282.93267822265625,19.533165,10.01,0.010803539,-0.066607,0.08703806,-0.010531724,0.004726241,-0.0037693842,-101.74305,-8.039934,3.8659608,1658274003000,61.0,-1380
40.43645977,-79.99585348,282.93267822265625,19.533165,10.01,0.010803539,-0.066607,0.08703806,-0.010531724,0.004726241,-0.0037693842,-101.786156,-8.804958,3.776662,1658274003000,61.0,-1380
40.43645977,-79.99585348,282.93267822265625,19.533165,10.01,-0.03429512,-0.021296084,0.007543858,-0.010531724,0.004726241,-0.0037693842,-101.786156,-8.804958,3.776662,1658274003000,61.0,-1380
40.43645977,-79.99585348,282.93267822265625,19.533165,10.01,-0.03429512,-0.021296084,0.007543858,-0.013442935,-0.0052536535,-0.0073658316,-101.786156,-8.804958,3.776662,1658274003000,61.0,-1380
40.43645977,-79.99585348,282.93267822265625,19.533165,10.01,-0.03429512,-0.021296084,0.007543858,-0.013442935,-0.0052536535,-0.0073658316,-101.65334,-8.329549,4.531472,1658274003000,61.0,-1380
40.43645977,-79.99585348,282.93267822265625,19.533165,10.01,-0.03429512,-0.021296084,0.007543858,-0.013442935,-0.0052536535,-0.0073658316,-102.96674,-8.329549,4.531472,1658274003000,61.0,-1380
40.43645977,-79.99585348,282.93267822265625,19.533165,10.01,-0.03429512,-0.021296084,0.007543858,-0.013442935,-0.0052536535,-0.0073658316,-103.01669,-8.118174,4.1528187,1658274003000,61.0,-1380
40.43645977,-79.99585348,282.93267822265625,19.533165,10.01,-0.03429512,-0.021296084,0.007543858,-0.013442935,-0.0052536535,-0.0073658316,-102.89333,-7.5104394,4.8753853,1658274003000,61.0,-1380
40.43645977,-79.99585348,282.93267822265625,19.533165,10.01,6.271631E-4,-0.025295991,-0.044996217,-0.013442935,-0.0052536535,-0.0073658316,-102.89333,-7.5104394,4.8753853,1658274003000,61.0,-1380
40.43645977,-79.99585348,282.93267822265625,19.533165,10.01,6.271631E-4,-0.025295991,-0.044996217,-0.013442935,-0.0052536535,-0.0073658316,-102.84328,-7.5783973,5.2533436,1658274004000,61.0,-1380
40.43645977,-79.99585348,282.93267822265625,19.533165,10.01,6.271631E-4,-0.025295991,-0.044996217,0.031504896,-4.009272E-4,-2.1478834E-4,-102.84328,-7.5783973,5.2533436,1658274004000,61.0,-1380
40.43645977,-79.99585348,282.93267822265625,19.533165,10.01,6.271631E-4,-0.025295991,-0.044996217,0.031504896,-4.009272E-4,-2.1478834E-4,-102.886665,-8.2284355,5.0478263,1658274004000,61.0,-1380
40.43645977,-79.99585348,282.93267822265625,19.533165,10.01,6.271631E-4,-0.025295991,-0.044996217,0.031504896,-4.009272E-4,-2.1478834E-4,-103.95022,-8.2284355,5.0478263,1658274004000,61.0,-1380
40.43645977,-79.99585348,282.93267822265625,19.533165,10.01,6.271631E-4,-0.025295991,-0.044996217,0.031504896,-4.009272E-4,-2.1478834E-4,-103.96359,-8.772872,5.0443807,1658274004000,61.0,-1380
40.43645977,-79.99585348,282.93267822265625,19.533165,10.01,-0.04335218,-0.025269402,0.05351223,0.031504896,-4.009272E-4,-2.1478834E-4,-103.96359,-8.772872,5.0443807,1658274004000,61.0,-1380
40.43645977,-79.99585348,282.93267822265625,19.533165,10.01,-0.04335218,-0.025269402,0.05351223,0.031504896,-4.009272E-4,-2.1478834E-4,-103.99896,-8.483683,4.771193,1658274004000,61.0,-1380
40.43645977,-79.99585348,282.93267822265625,19.533165,10.01,-0.04335218,-0.025269402,0.05351223,-0.017488142,0.005219325,0.011090302,-103.99896,-8.483683,4.771193,1658274004000,61.0,-1380
40.43645977,-79.99585348,282.93267822265625,19.533165,10.01,-0.04335218,-0.025269402,0.05351223,-0.017488142,0.005219325,0.011090302,-104.12117,-8.370123,3.9582722,1658274004000,61.0,-1380
40.43645977,-79.99585348,282.93267822265625,19.533165,10.01,-0.04335218,-0.025269402,0.05351223,-0.017488142,0.005219325,0.011090302,-104.9583,-8.370123,3.9582722,1658274004000,61.0,-1380
40.43645977,-79.99585348,282.93267822265625,19.533165,10.01,-0.04335218,-0.025269402,0.05351223,-0.017488142,0.005219325,0.011090302,-104.92687,-8.959084,4.292498,1658274004000,61.0,-1380
40.43645977,-79.99585348,282.93267822265625,19.533165,10.01,-0.04335218,-0.025269402,0.05351223,-0.017488142,0.005219325,0.011090302,-104.86957,-9.853906,4.774705,1658274004000,61.0,-1380
40.43645977,-79.99585348,282.93267822265625,19.533165,10.01,-0.016465079,0.008548886,-0.13565505,-0.017488142,0.005219325,0.011090302,-104.86957,-9.853906,4.774705,1658274004000,61.0,-1380
40.43645977,-79.99585348,282.93267822265625,19.533165,10.01,-0.016465079,0.008548886,-0.13565505,-0.017488142,0.005219325,0.011090302,-105.023605,-9.809959,3.9043293,1658274004000,61.0,-1380
40.43645977,-79.99585348,282.93267822265625,19.533165,10.01,-0.016465079,0.008548886,-0.13565505,0.061946336,-0.009935014,0.013831449,-105.023605,-9.809959,3.9043293,1658274004000,61.0,-1380
40.43645977,-79.99585348,282.93267822265625,19.533165,10.01,-0.016465079,0.008548886,-0.13565505,0.061946336,-0.009935014,0.013831449,-105.92758,-9.809959,3.9043293,1658274004000,61.0,-1380
40.43645977,-79.99585348,282.93267822265625,19.533165,10.01,-0.016465079,0.008548886,-0.13565505,0.061946336,-0.009935014,0.013831449,-105.98064,-9.53829,3.5497935,1658274004000,61.0,-1380
40.43645977,-79.99585348,282.93267822265625,19.533165,10.01,-0.016465079,0.008548886,-0.13565505,0.061946336,-0.009935014,0.013831449,-106.01663,-9.503961,3.3388505,1658274004000,61.0,-1380
40.43645977,-79.99585348,282.93267822265625,19.533165,10.01,0.024194706,0.03182457,0.06084295,0.061946336,-0.009935014,0.013831449,-106.01663,-9.503961,3.3388505,1658274004000,61.0,-1380
40.43645977,-79.99585348,282.93267822265625,19.533165,10.01,0.024194706,0.03182457,0.06084295,0.061946336,-0.009935014,0.013831449,-105.99541,-9.547824,3.468965,1658274004000,61.0,-1380
40.43645977,-79.99585348,282.93267822265625,19.533165,10.01,0.024194706,0.03182457,0.06084295,-0.031296175,0.0065418864,-0.0024316069,-105.99541,-9.547824,3.468965,1658274004000,61.0,-1380
40.43645977,-79.99585348,282.93267822265625,19.533165,10.01,0.024194706,0.03182457,0.06084295,-0.031296175,0.0065418864,-0.0024316069,-105.926445,-9.276643,3.8000748,1658274004000,61.0,-1380
40.43645977,-79.99585348,282.93267822265625,19.533165,10.01,0.024194706,0.03182457,0.06084295,-0.031296175,0.0065418864,-0.0024316069,-106.914925,-9.276643,3.8000748,1658274004000,61.0,-1380
40.43645977,-79.99585348,282.93267822265625,19.533165,10.01,0.024194706,0.03182457,0.06084295,-0.031296175,0.0065418864,-0.0024316069,-107.02597,-9.205851,3.1425698,1658274004000,61.0,-1380
40.43645977,-79.99585348,282.93267822265625,19.533165,10.01,0.024194706,0.03182457,0.06084295,-0.031296175,0.0065418864,-0.0024316069,-107.094025,-9.346044,2.7971146,1658274004000,61.0,-1380
40.43645977,-79.99585348,282.93267822265625,19.533165,10.01,0.061442874,-0.014545479,-0.20210814,-0.031296175,0.0065418864,-0.0024316069,-107.094025,-9.346044,2.7971146,1658274004000,61.0,-1380
40.43645977,-79.99585348,282.93267822265625,19.533165,10.01,0.061442874,-0.014545479,-0.20210814,-0.031296175,0.0065418864,-0.0024316069,-107.09819,-9.760023,2.890873,1658274004000,61.0,-1380
40.43645977,-79.99585348,282.93267822265625,19.533165,10.01,0.061442874,-0.014545479,-0.20210814,-0.009154396,0.0053696777,-5.79536E-4,-107.09819,-9.760023,2.890873,1658274004000,61.0,-1380
40.43645977,-79.99585348,282.93267822265625,19.533165,10.01,0.061442874,-0.014545479,-0.20210814,-0.009154396,0.0053696777,-5.79536E-4,-108.035736,-9.760023,2.890873,1658274004000,61.0,-1380
40.43645977,-79.99585348,282.93267822265625,19.533165,10.01,0.061442874,-0.014545479,-0.20210814,-0.009154396,0.0053696777,-5.79536E-4,-108.0616,-9.625397,2.7142098,1658274004000,61.0,-1380
40.43645977,-79.99585348,282.93267822265625,19.533165,10.01,0.061442874,-0.014545479,-0.20210814,-0.009154396,0.0053696777,-5.79536E-4,-108.07118,-9.422487,2.6029732,1658274004000,61.0,-1380
40.43645977,-79.99585348,282.93267822265625,19.533165,10.01,0.025204198,0.023533523,0.15188141,-0.009154396,0.0053696777,-5.79536E-4,-108.07118,-9.422487,2.6029732,1658274004000,61.0,-1380
40.43645977,-79.99585348,282.93267822265625,19.533165,10.01,0.025204198,0.023533523,0.15188141,-0.009154396,0.0053696777,-5.79536E-4,-108.101654,-9.110043,2.3336353,1658274004000,61.0,-1380
40.43645977,-79.99585348,282.93267822265625,19.533165,10.01,0.025204198,0.023533523,0.15188141,-0.0022549375,0.0014034348,-0.0022472972,-108.101654,-9.110043,2.3336353,1658274004000,61.0,-1380
40.43645977,-79.99585348,282.93267822265625,19.533165,10.01,0.025204198,0.023533523,0.15188141,-0.0022549375,0.0014034348,-0.0022472972,-108.11477,-8.55732,2.0563562,1658274004000,61.0,-1380
40.43645977,-79.99585348,282.93267822265625,19.533165,10.01,0.025204198,0.023533523,0.15188141,-0.0022549375,0.0014034348,-0.0022472972,-108.78462,-8.55732,2.0563562,1658274004000,61.0,-1380
40.43645977,-79.99585348,282.93267822265625,19.533165,10.01,0.025204198,0.023533523,0.15188141,-0.0022549375,0.0014034348,-0.0022472972,-108.77438,-8.759439,2.190574,1658274004000,61.0,-1380
40.43645977,-79.99585348,282.93267822265625,19.533165,10.01,0.025204198,0.023533523,0.15188141,-0.0022549375,0.0014034348,-0.0022472972,-108.82481,-8.784303,1.9099232,1658274004000,61.0,-1380
40.43645977,-79.99585348,282.93267822265625,19.533165,10.01,0.038196202,-0.0062569627,-0.043748554,-0.0022549375,0.0014034348,-0.0022472972,-108.82481,-8.784303,1.9099232,1658274004000,61.0,-1380
40.43645977,-79.99585348,282.93267822265625,19.533165,10.01,0.038196202,-0.0062569627,-0.043748554,-0.0022549375,0.0014034348,-0.0022472972,-108.82939,-9.403884,2.1018026,1658274004000,61.0,-1380
40.43645977,-79.99585348,282.93267822265625,19.533165,10.01,0.038196202,-0.0062569627,-0.043748554,0.011122799,0.007721336,-0.0049322327,-108.82939,-9.403884,2.1018026,1658274004000,61.0,-1380
40.43645977,-79.99585348,282.93267822265625,19.533165,10.01,0.038196202,-0.0062569627,-0.043748554,0.011122799,0.007721336,-0.0049322327,-108.76834,-8.7959,2.2383838,1658274004000,61.0,-1380
40.43645977,-79.99585348,282.93267822265625,19.533165,10.01,0.038196202,-0.0062569627,-0.043748554,0.011122799,0.007721336,-0.0049322327,-109.30403,-8.7959,2.2383838,1658274004000,61.0,-1380
40.43645977,-79.99585348,282.93267822265625,19.533165,10.01,0.038196202,-0.0062569627,-0.043748554,0.011122799,0.007721336,-0.0049322327,-109.24079,-8.122118,2.3576653,1658274004000,61.0,-1380
40.43645977,-79.99585348,282.93267822265625,19.533165,10.01,0.038196202,-0.0062569627,-0.043748554,0.011122799,0.007721336,-0.0049322327,-109.15178,-8.049084,2.8805847,1658274004000,61.0,-1380
40.43645977,-79.99585348,282.93267822265625,19.533165,10.01,0.03833726,-0.03223911,0.054507494,0.011122799,0.007721336,-0.0049322327,-109.15178,-8.049084,2.8805847,1658274004000,61.0,-1380
40.43645977,-79.99585348,282.93267822265625,19.533165,10.01,0.03833726,-0.03223911,0.054507494,-0.0020884874,0.012458518,-0.0060779117,-109.15178,-8.049084,2.8805847,1658274004000,61.0,-1380
40.43645977,-79.99585348,282.93267822265625,19.533165,10.01,0.03833726,-0.03223911,0.054507494,-0.0020884874,0.012458518,-0.0060779117,-109.207275,-8.575073,2.7249622,1658274004000,61.0,-1380
40.43645977,-79.99585348,282.93267822265625,19.533165,10.01,0.03833726,-0.03223911,0.054507494,-0.0020884874,0.012458518,-0.0060779117,-109.58198,-8.575073,2.7249622,1658274004000,61.0,-1380
40.43645977,-79.99585348,282.93267822265625,19.533165,10.01,0.03833726,-0.03223911,0.054507494,-0.0020884874,0.012458518,-0.0060779117,-109.48709,-8.270848,3.1966672,1658274004000,61.0,-1380
40.43645977,-79.99585348,282.93267822265625,19.533165,10.01,0.03833726,-0.03223911,0.054507494,-0.0020884874,0.012458518,-0.0060779117,-109.4407,-8.005391,3.4021406,1658274004000,61.0,-1380
40.43645977,-79.99585348,282.93267822265625,19.533165,10.01,-0.00980926,-0.021338195,0.06346441,-0.0020884874,0.012458518,-0.0060779117,-109.4407,-8.005391,3.4021406,1658274004000,61.0,-1380
40.43645977,-79.99585348,282.93267822265625,19.533165,10.01,-0.00980926,-0.021338195,0.06346441,-0.0020884874,0.012458518,-0.0060779117,-109.40276,-8.031231,3.6526768,1658274004000,61.0,-1380
40.43645977,-79.99585348,282.93267822265625,19.533165,10.01,-0.00980926,-0.021338195,0.06346441,-0.008380175,-0.0039531616,-0.007092722,-109.40276,-8.031231,3.6526768,1658274004000,61.0,-1380
40.43645977,-79.99585348,282.93267822265625,19.533165,10.01,-0.00980926,-0.021338195,0.06346441,-0.008380175,-0.0039531616,-0.007092722,-110.63317,-8.031231,3.6526768,1658274004000,61.0,-1380
40.43645977,-79.99585348,282.93267822265625,19.533165,10.01,-0.00980926,-0.021338195,0.06346441,-0.008380175,-0.0039531616,-0.007092722,-110.63455,-7.5812035,3.4869673,1658274004000,61.0,-1380
--GPS LOCATION CHANGED--
40.43657009,-79.99599845,206.75994873046875,5.9209423,9.84,-0.00980926,-0.021338195,0.06346441,-0.008380175,-0.0039531616,-0.007092722,-110.57621,-6.963076,3.6405685,1658274004000,61.0,-1380
40.43657009,-79.99599845,206.75994873046875,5.9209423,9.84,-0.03375429,-0.021076627,-0.032662787,-0.008380175,-0.0039531616,-0.007092722,-110.57621,-6.963076,3.6405685,1658274004000,61.0,-1380
40.43657009,-79.99599845,206.75994873046875,5.9209423,9.84,-0.03375429,-0.021076627,-0.032662787,-0.008380175,-0.0039531616,-0.007092722,-110.583466,-6.6552477,3.4571555,1658274004000,61.0,-1380
40.43657009,-79.99599845,206.75994873046875,5.9209423,9.84,-0.03375429,-0.021076627,-0.032662787,-0.008380175,-0.0039531616,-0.007092722,-110.68959,-7.6326423,3.150636,1658274004000,61.0,-1380
40.43657009,-79.99599845,206.75994873046875,5.9209423,9.84,-0.03375429,-0.021076627,-0.032662787,-0.018232862,-0.007401521,-2.5089146E-4,-110.68959,-7.6326423,3.150636,1658274004000,61.0,-1380
40.43657009,-79.99599845,206.75994873046875,5.9209423,9.84,-0.03375429,-0.021076627,-0.032662787,-0.018232862,-0.007401521,-2.5089146E-4,-112.67043,-7.6326423,3.150636,1658274004000,61.0,-1380
40.43657009,-79.99599845,206.75994873046875,5.9209423,9.84,-0.03375429,-0.021076627,-0.032662787,-0.018232862,-0.007401521,-2.5089146E-4,-112.71829,-8.176967,3.0848753,1658274004000,61.0,-1380
40.43657009,-79.99599845,206.75994873046875,5.9209423,9.84,-0.03375429,-0.021076627,-0.032662787,-0.018232862,-0.007401521,-2.5089146E-4,-112.6822,-7.9541984,3.2117443,1658274004000,61.0,-1380
40.43657009,-79.99599845,206.75994873046875,5.9209423,9.84,-0.033745654,-0.035626408,0.057065077,-0.018232862,-0.007401521,-2.5089146E-4,-112.6822,-7.9541984,3.2117443,1658274004000,61.0,-1380
40.43657009,-79.99599845,206.75994873046875,5.9209423,9.84,-0.033745654,-0.035626408,0.057065077,-0.018232862,-0.007401521,-2.5089146E-4,-112.64391,-7.925259,3.4325461,1658274004000,61.0,-1380
40.43657009,-79.99599845,206.75994873046875,5.9209423,9.84,-0.033745654,-0.035626408,0.057065077,0.004952027,-0.005046453,0.005015497,-112.64391,-7.925259,3.4325461,1658274004000,61.0,-1380
40.43657009,-79.99599845,206.75994873046875,5.9209423,9.84,-0.033745654,-0.035626408,0.057065077,0.004952027,-0.005046453,0.005015497,-114.89012,-7.925259,3.4325461,1658274004000,61.0,-1380
40.43657009,-79.99599845,206.75994873046875,5.9209423,9.84,-0.033745654,-0.035626408,0.057065077,0.004952027,-0.005046453,0.005015497,-114.88383,-8.302157,3.6265342,1658274004000,61.0,-1380
40.43657009,-79.99599845,206.75994873046875,5.9209423,9.84,-0.033745654,-0.035626408,0.057065077,0.004952027,-0.005046453,0.005015497,-114.889084,-7.56086,3.2715585,1658274004000,61.0,-1380
40.43657009,-79.99599845,206.75994873046875,5.9209423,9.84,0.009881576,0.037233256,0.0042003053,0.004952027,-0.005046453,0.005015497,-114.889084,-7.56086,3.2715585,1658274004000,61.0,-1380
40.43657009,-79.99599845,206.75994873046875,5.9209423,9.84,0.009881576,0.037233256,0.0042003053,0.004952027,-0.005046453,0.005015497,-114.80683,-6.8680043,3.4279807,1658274004000,61.0,-1380
40.43657009,-79.99599845,206.75994873046875,5.9209423,9.84,0.009881576,0.037233256,0.0042003053,0.004952027,-0.005046453,0.005015497,-117.392235,-6.8680043,3.4279807,1658274004000,61.0,-1380
40.43657009,-79.99599845,206.75994873046875,5.9209423,9.84,0.009881576,0.037233256,0.0042003053,0.005856182,-0.0037566898,-0.0025954468,-117.392235,-6.8680043,3.4279807,1658274004000,61.0,-1380
40.43657009,-79.99599845,206.75994873046875,5.9209423,9.84,0.009881576,0.037233256,0.0042003053,0.005856182,-0.0037566898,-0.0025954468,-117.380325,-6.421209,3.22933,1658274004000,61.0,-1380
40.43657009,-79.99599845,206.75994873046875,5.9209423,9.84,0.009881576,0.037233256,0.0042003053,0.005856182,-0.0037566898,-0.0025954468,-117.28812,-6.5313196,3.8587742,1658274004000,61.0,-1380
40.43657009,-79.99599845,206.75994873046875,5.9209423,9.84,0.009881576,0.037233256,0.0042003053,0.005856182,-0.0037566898,-0.0025954468,-117.23815,-7.0096197,4.4251757,1658274004000,61.0,-1380
40.43657009,-79.99599845,206.75994873046875,5.9209423,9.84,-0.009775709,-0.004181743,-0.059730314,0.005856182,-0.0037566898,-0.0025954468,-117.23815,-7.0096197,4.4251757,1658274004000,61.0,-1380
40.43657009,-79.99599845,206.75994873046875,5.9209423,9.84,-0.009775709,-0.004181743,-0.059730314,0.005856182,-0.0037566898,-0.0025954468,-117.154335,-7.417572,5.124367,1658274004000,61.0,-1380
40.43657009,-79.99599845,206.75994873046875,5.9209423,9.84,-0.009775709,-0.004181743,-0.059730314,0.005856182,-0.0037566898,-0.0025954468,-119.67281,-7.417572,5.124367,1658274004000,61.0,-1380
40.43657009,-79.99599845,206.75994873046875,5.9209423,9.84,-0.009775709,-0.004181743,-0.059730314,-0.004675318,0.012602535,-0.0050225295,-119.67281,-7.417572,5.124367,1658274004000,61.0,-1380
40.43657009,-79.99599845,206.75994873046875,5.9209423,9.84,-0.009775709,-0.004181743,-0.059730314,-0.004675318,0.012602535,-0.0050225295,-119.852104,-8.207901,4.5388794,1658274004000,61.0,-1380
40.43657009,-79.99599845,206.75994873046875,5.9209423,9.84,-0.009775709,-0.004181743,-0.059730314,-0.004675318,0.012602535,-0.0050225295,-120.08083,-9.393387,3.9336174,1658274004000,61.0,-1380
40.43657009,-79.99599845,206.75994873046875,5.9209423,9.84,-0.009775709,-0.004181743,-0.059730314,-0.004675318,0.012602535,-0.0050225295,-120.17348,-9.522866,3.558717,1658274004000,61.0,-1380
40.43657009,-79.99599845,206.75994873046875,5.9209423,9.84,-0.027018135,-0.03406031,0.008732686,-0.004675318,0.012602535,-0.0050225295,-120.17348,-9.522866,3.558717,1658274004000,61.0,-1380
40.43657009,-79.99599845,206.75994873046875,5.9209423,9.84,-0.027018135,-0.03406031,0.008732686,-0.004675318,0.012602535,-0.0050225295,-121.9811,-9.522866,3.558717,1658274004000,61.0,-1380
40.43657009,-79.99599845,206.75994873046875,5.9209423,9.84,-0.027018135,-0.03406031,0.008732686,0.023788782,-0.010399371,0.013983076,-121.9811,-9.522866,3.558717,1658274004000,61.0,-1380
40.43657009,-79.99599845,206.75994873046875,5.9209423,9.84,-0.027018135,-0.03406031,0.008732686,0.023788782,-0.010399371,0.013983076,-121.94452,-9.439936,3.6817138,1658274004000,61.0,-1380
40.43657009,-79.99599845,206.75994873046875,5.9209423,9.84,-0.027018135,-0.03406031,0.008732686,0.023788782,-0.010399371,0.013983076,-121.96884,-9.488856,3.5969644,1658274004000,61.0,-1380
40.43657009,-79.99599845,206.75994873046875,5.9209423,9.84,-0.027018135,-0.03406031,0.008732686,0.023788782,-0.010399371,0.013983076,-121.9345,-8.721036,3.3820777,1658274004000,61.0,-1380
40.43657009,-79.99599845,206.75994873046875,5.9209423,9.84,-0.014473158,0.095324114,-0.00333853,0.023788782,-0.010399371,0.013983076,-121.9345,-8.721036,3.3820777,1658274004000,61.0,-1380
40.43657009,-79.99599845,206.75994873046875,5.9209423,9.84,-0.014473158,0.095324114,-0.00333853,0.023788782,-0.010399371,0.013983076,-122.76135,-8.721036,3.3820777,1658274004000,61.0,-1380
40.43657009,-79.99599845,206.75994873046875,5.9209423,9.84,-0.014473158,0.095324114,-0.00333853,0.023788782,-0.010399371,0.013983076,-122.64215,-7.80372,3.4147806,1658274004000,61.0,-1380
40.43657009,-79.99599845,206.75994873046875,5.9209423,9.84,-0.014473158,0.095324114,-0.00333853,-0.01403956,0.0027854422,-0.003903277,-122.64215,-7.80372,3.4147806,1658274004000,61.0,-1380
40.43657009,-79.99599845,206.75994873046875,5.9209423,9.84,-0.014473158,0.095324114,-0.00333853,-0.01403956,0.0027854422,-0.003903277,-122.494804,-7.5866504,3.9843771,1658274004000,61.0,-1380
40.43657009,-79.99599845,206.75994873046875,5.9209423,9.84,-0.014473158,0.095324114,-0.00333853,-0.01403956,0.0027854422,-0.003903277,-122.434746,-7.5266814,4.2404313,1658274005000,61.0,-1380
40.43657009,-79.99599845,206.75994873046875,5.9209423,9.84,0.037005287,0.028696472,-0.07633567,-0.01403956,0.0027854422,-0.003903277,-122.434746,-7.5266814,4.2404313,1658274005000,61.0,-1380
40.43657009,-79.99599845,206.75994873046875,5.9209423,9.84,0.037005287,0.028696472,-0.07633567,-0.01403956,0.0027854422,-0.003903277,-122.502,-7.911121,4.133161,1658274005000,61.0,-1380
40.43657009,-79.99599845,206.75994873046875,5.9209423,9.84,0.037005287,0.028696472,-0.07633567,-0.01403956,0.0027854422,-0.003903277,-123.19166,-7.911121,4.133161,1658274005000,61.0,-1380
40.43657009,-79.99599845,206.75994873046875,5.9209423,9.84,0.037005287,0.028696472,-0.07633567,-0.011640343,0.0051363856,-0.01088565,-123.19166,-7.911121,4.133161,1658274005000,61.0,-1380
40.43657009,-79.99599845,206.75994873046875,5.9209423,9.84,0.037005287,0.028696472,-0.07633567,-0.011640343,0.0051363856,-0.01088565,-122.79065,-7.6043587,5.8989406,1658274005000,61.0,-1380
40.43657009,-79.99599845,206.75994873046875,5.9209423,9.84,0.037005287,0.028696472,-0.07633567,-0.011640343,0.0051363856,-0.01088565,-122.76227,-6.966313,5.6941442,1658274005000,61.0,-1380
40.43657009,-79.99599845,206.75994873046875,5.9209423,9.84,0.037005287,0.028696472,-0.07633567,-0.011640343,0.0051363856,-0.01088565,-123.04936,-7.64815,4.6528907,1658274005000,61.0,-1380
40.43657009,-79.99599845,206.75994873046875,5.9209423,9.84,-0.009939189,-0.050002966,0.019838087,-0.011640343,0.0051363856,-0.01088565,-123.04936,-7.64815,4.6528907,1658274005000,61.0,-1380
40.43657009,-79.99599845,206.75994873046875,5.9209423,9.84,-0.009939189,-0.050002966,0.019838087,-0.011640343,0.0051363856,-0.01088565,-123.3068,-7.64815,4.6528907,1658274005000,61.0,-1380
40.43657009,-79.99599845,206.75994873046875,5.9209423,9.84,-0.009939189,-0.050002966,0.019838087,-0.011640343,0.0051363856,-0.01088565,-123.7645,-9.8675375,3.8099606,1658274005000,61.0,-1380
40.43657009,-79.99599845,206.75994873046875,5.9209423,9.84,-0.009939189,-0.050002966,0.019838087,0.057344336,-0.07190978,-0.0069649927,-123.7645,-9.8675375,3.8099606,1658274005000,61.0,-1380
40.43657009,-79.99599845,206.75994873046875,5.9209423,9.84,-0.009939189,-0.050002966,0.019838087,0.057344336,-0.07190978,-0.0069649927,-123.673515,-8.649707,3.575406,1658274005000,61.0,-1380
40.43657009,-79.99599845,206.75994873046875,5.9209423,9.84,-0.009939189,-0.050002966,0.019838087,0.057344336,-0.07190978,-0.0069649927,-123.57308,-8.119629,3.714439,1658274005000,61.0,-1380
40.43657009,-79.99599845,206.75994873046875,5.9209423,9.84,-0.009939189,-0.050002966,0.019838087,0.057344336,-0.07190978,-0.0069649927,-124.10902,-8.119629,3.714439,1658274005000,61.0,-1380
40.43657009,-79.99599845,206.75994873046875,5.9209423,9.84,-0.10947939,-0.0069787824,0.1802678,0.057344336,-0.07190978,-0.0069649927,-124.10902,-8.119629,3.714439,1658274005000,61.0,-1380
40.43657009,-79.99599845,206.75994873046875,5.9209423,9.84,-0.10947939,-0.0069787824,0.1802678,0.057344336,-0.07190978,-0.0069649927,-124.148346,-7.9290724,3.4318275,1658274005000,61.0,-1380
40.43657009,-79.99599845,206.75994873046875,5.9209423,9.84,-0.10947939,-0.0069787824,0.1802678,-0.006595179,-0.021277446,-0.01799101,-124.148346,-7.9290724,3.4318275,1658274005000,61.0,-1380
40.43657009,-79.99599845,206.75994873046875,5.9209423,9.84,-0.10947939,-0.0069787824,0.1802678,-0.006595179,-0.021277446,-0.01799101,-124.30833,-7.7744403,2.6582456,1658274005000,61.0,-1380
40.43657009,-79.99599845,206.75994873046875,5.9209423,9.84,-0.10947939,-0.0069787824,0.1802678,-0.006595179,-0.021277446,-0.01799101,-124.616776,-8.721111,1.9971919,1658274005000,61.0,-1380
40.43657009,-79.99599845,206.75994873046875,5.9209423,9.84,-0.10947939,-0.0069787824,0.1802678,-0.006595179,-0.021277446,-0.01799101,-124.273705,-7.9509916,2.9148288,1658274005000,61.0,-1380
40.43657009,-79.99599845,206.75994873046875,5.9209423,9.84,0.043232046,-0.01995184,-0.23777142,-0.006595179,-0.021277446,-0.01799101,-124.273705,-7.9509916,2.9148288,1658274005000,61.0,-1380
40.43657009,-79.99599845,206.75994873046875,5.9209423,9.84,0.043232046,-0.01995184,-0.23777142,-0.006595179,-0.021277446,-0.01799101,-124.895966,-7.9509916,2.9148288,1658274005000,61.0,-1380
40.43657009,-79.99599845,206.75994873046875,5.9209423,9.84,0.043232046,-0.01995184,-0.23777142,-0.006595179,-0.021277446,-0.01799101,-124.72866,-7.4619117,3.2958055,1658274005000,61.0,-1380
40.43657009,-79.99599845,206.75994873046875,5.9209423,9.84,0.043232046,-0.01995184,-0.23777142,-0.056883223,0.08296002,0.019694736,-124.72866,-7.4619117,3.2958055,1658274005000,61.0,-1380
40.43657009,-79.99599845,206.75994873046875,5.9209423,9.84,0.043232046,-0.01995184,-0.23777142,-0.056883223,0.08296002,0.019694736,-124.47943,-6.6449003,3.8314312,1658274005000,61.0,-1380
40.43657009,-79.99599845,206.75994873046875,5.9209423,9.84,0.043232046,-0.01995184,-0.23777142,-0.056883223,0.08296002,0.019694736,-124.857025,-7.1971073,2.5779102,1658274005000,61.0,-1380
40.43657009,-79.99599845,206.75994873046875,5.9209423,9.84,0.043232046,-0.01995184,-0.23777142,-0.056883223,0.08296002,0.019694736,-125.92284,-7.1971073,2.5779102,1658274005000,61.0,-1380
40.43657009,-79.99599845,206.75994873046875,5.9209423,9.84,0.043232046,-0.01995184,-0.23777142,-0.056883223,0.08296002,0.019694736,-125.29572,-9.021463,6.2363124,1658274005000,61.0,-1380
40.43657009,-79.99599845,206.75994873046875,5.9209423,9.84,0.06803499,0.009990641,0.05064029,-0.056883223,0.08296002,0.019694736,-125.29572,-9.021463,6.2363124,1658274005000,61.0,-1380
40.43657009,-79.99599845,206.75994873046875,5.9209423,9.84,0.06803499,0.009990641,0.05064029,0.025165109,0.02811955,0.022575304,-125.29572,-9.021463,6.2363124,1658274005000,61.0,-1380
40.43657009,-79.99599845,206.75994873046875,5.9209423,9.84,0.06803499,0.009990641,0.05064029,0.025165109,0.02811955,0.022575304,-125.88657,-8.530697,3.5727708,1658274005000,61.0,-1380
40.43657009,-79.99599845,206.75994873046875,5.9209423,9.84,0.06803499,0.009990641,0.05064029,0.025165109,0.02811955,0.022575304,-125.79616,-5.7286124,1.9972928,1658274005000,61.0,-1380
40.43657009,-79.99599845,206.75994873046875,5.9209423,9.84,0.06803499,0.009990641,0.05064029,0.025165109,0.02811955,0.022575304,-127.57327,-5.7286124,1.9972928,1658274005000,61.0,-1380
40.43657009,-79.99599845,206.75994873046875,5.9209423,9.84,0.06803499,0.009990641,0.05064029,0.025165109,0.02811955,0.022575304,-127.49065,-7.238044,3.4224396,1658274005000,61.0,-1380
