lat,lon,alt,acc,speed,accelx,accely,accelz,gyrox,gyroy,gyroz,azimuth,pitch,roll
0.0,0.0,0.0,0.0,0.0,0.0,0.0,0.0,0.0,0.0,0.0,0.0,-0.0,-0.0
0.0,0.0,0.0,0.0,0.0,0.0,0.0,0.0,0.0,0.0,0.0,0.0,-0.0,-0.0
0.0,0.0,0.0,0.0,0.0,0.0,0.0,0.0,0.0,0.0,0.0,0.0,-0.0,-0.0
0.0,0.0,0.0,0.0,0.0,0.0,0.0,0.0,0.0,0.0,0.0,0.0,-0.0,-0.0
0.0,0.0,0.0,0.0,0.0,0.0,0.0,0.0,0.0,0.0,0.0,0.0,-0.0,-0.0
0.0,0.0,0.0,0.0,0.0,0.0,0.0,0.0,0.0,0.0,0.0,0.0,-0.0,-0.0
0.0,0.0,0.0,0.0,0.0,0.0,0.0,0.0,0.0,0.0,0.0,0.0,-0.0,-0.0
0.0,0.0,0.0,0.0,0.0,0.0,0.0,0.0,0.0,0.0,0.0,0.0,-0.0,-0.0
0.0,0.0,0.0,0.0,0.0,0.0,0.0,0.0,0.0,0.0,0.0,0.0,-0.0,-0.0
0.0,0.0,0.0,0.0,0.0,0.0,0.0,0.0,0.0,0.0,0.0,0.0,-0.0,-0.0
0.0,0.0,0.0,0.0,0.0,0.0,0.0,0.0,0.0,0.0,0.0,0.0,-0.0,-0.0
0.0,0.0,0.0,0.0,0.0,0.0,0.0,0.0,-0.007864659,0.037948888,0.03260397,0.0,-0.0,-0.0
0.0,0.0,0.0,0.0,0.0,0.0,0.0,0.0,-0.007864659,0.037948888,0.03260397,-2.9827063,-0.71822804,0.15702745
0.0,0.0,0.0,0.0,0.0,0.0,0.0,0.0,-0.007864659,0.037948888,0.03260397,-3.0550418,-0.727266,0.19338946
0.0,0.0,0.0,0.0,0.0,0.0,0.0,0.0,-0.007864659,0.037948888,0.03260397,-3.0450656,-0.70329696,0.1847276
0.0,0.0,0.0,0.0,0.0,0.0,0.0,0.0,-0.007864659,0.037948888,0.03260397,-3.0108857,-0.6996785,0.16651827
0.0,0.0,0.0,0.0,0.0,0.0,0.0,0.0,-0.007864659,0.037948888,0.03260397,-3.0344143,-0.708885,0.18038245
0.0,0.0,0.0,0.0,0.0,0.0,0.0,0.0,-0.007864659,0.037948888,0.03260397,-2.9860375,-0.71441954,0.15761402
0.0,0.0,0.0,0.0,0.0,0.0,0.0,0.0,-0.007864659,0.037948888,0.03260397,-3.016163,-0.71348906,0.17229085
0.0,0.0,0.0,0.0,0.0,0.0,0.0,0.0,-0.007864659,0.037948888,0.03260397,-2.9372375,-0.69311464,0.12521338
0.0,0.0,0.0,0.0,0.0,0.0,0.0,0.0,-0.007864659,0.037948888,0.03260397,-2.9945536,-0.70228755,0.15869635
0.0,0.0,0.0,0.0,0.0,0.0,0.0,0.0,-0.007864659,0.037948888,0.03260397,-3.0199928,-0.72010666,0.17559023
0.0,0.0,0.0,0.0,0.0,0.0,0.0,0.0,-0.007864659,0.037948888,0.03260397,-2.902693,-0.70147914,0.10948988
0.0,0.0,0.0,0.0,0.0,0.0,0.0,0.0,-0.007864659,0.037948888,0.03260397,-2.903173,-0.70147914,0.10948988
0.0,0.0,0.0,0.0,0.0,0.0,0.0,0.0,-0.007864659,0.037948888,0.03260397,-2.903173,-0.70147914,0.10948988
0.0,0.0,0.0,0.0,0.0,0.0,0.0,0.0,-0.005955761,0.040392276,0.079715565,-2.903173,-0.70147914,0.10948988
0.0,0.0,0.0,0.0,0.0,0.0,0.0,0.0,-0.005955761,0.040392276,0.079715565,-2.9821434,-0.68904525,0.14758116
0.0,0.0,0.0,0.0,0.0,0.0,0.0,0.0,-0.005955761,0.040392276,0.079715565,-2.9031532,-0.7168237,0.11607799
0.0,0.0,0.0,0.0,0.0,0.0,0.0,0.0,-0.005955761,0.040392276,0.079715565,-2.9690874,-0.6833038,0.13881348
0.0,0.0,0.0,0.0,0.0,0.0,0.0,0.0,-0.005955761,0.040392276,0.079715565,-2.9547107,-0.69764864,0.13559407
0.0,0.0,0.0,0.0,0.0,0.0,0.0,0.0,-0.005955761,0.040392276,0.079715565,-2.9396164,-0.7136187,0.13331346
0.0,0.0,0.0,0.0,0.0,0.0,0.0,0.0,-0.005955761,0.040392276,0.079715565,-2.8983417,-0.68752366,0.100754574
--GPS LOCATION CHANGED--
40.3043321,-80.0435376,0.0,1600.0,0.0,0.0,0.0,0.0,-0.005955761,0.040392276,0.079715565,-2.8983417,-0.68752366,0.100754574
40.3043321,-80.0435376,0.0,1600.0,0.0,0.0,0.0,0.0,-0.005955761,0.040392276,0.079715565,-2.9651608,-0.6896165,0.13860711
40.3043321,-80.0435376,0.0,1600.0,0.0,0.0,0.0,0.0,-0.005955761,0.040392276,0.079715565,-2.9256427,-0.7062108,0.123374246
40.3043321,-80.0435376,0.0,1600.0,0.0,0.0,0.0,0.0,-0.005955761,0.040392276,0.079715565,-2.903566,-0.7051585,0.111279964
40.3043321,-80.0435376,0.0,1600.0,0.0,0.0,0.0,0.0,-0.005955761,0.040392276,0.079715565,-2.9848309,-0.70258945,0.15274628
40.3043321,-80.0435376,0.0,1600.0,0.0,0.0,0.0,0.0,-0.005955761,0.040392276,0.079715565,-2.9969819,-0.70258945,0.15274628
40.3043321,-80.0435376,0.0,1600.0,0.0,0.0,0.0,0.0,-0.005955761,0.040392276,0.079715565,-2.8847082,-0.7078633,0.09706403
40.3043321,-80.0435376,0.0,1600.0,0.0,-0.052737117,-0.054186344,0.035556793,-0.005955761,0.040392276,0.079715565,-2.8847082,-0.7078633,0.09706403
40.3043321,-80.0435376,0.0,1600.0,0.0,-0.052737117,-0.054186344,0.035556793,-7.635591E-5,-0.0019852535,-0.003206948,-2.8847082,-0.7078633,0.09706403
40.3043321,-80.0435376,0.0,1600.0,0.0,-0.052737117,-0.054186344,0.035556793,-7.635591E-5,-0.0019852535,-0.003206948,-2.984222,-0.6948609,0.14421195
40.3043321,-80.0435376,0.0,1600.0,0.0,-0.052737117,-0.054186344,0.035556793,-7.635591E-5,-0.0019852535,-0.003206948,-2.8983712,-0.71307224,0.106529355
40.3043321,-80.0435376,0.0,1600.0,0.0,-0.052737117,-0.054186344,0.035556793,-7.635591E-5,-0.0019852535,-0.003206948,-3.0036132,-0.69850844,0.15507896
40.3043321,-80.0435376,0.0,1600.0,0.0,-0.052737117,-0.054186344,0.035556793,-7.635591E-5,-0.0019852535,-0.003206948,-2.9650571,-0.6967188,0.13481523
40.3043321,-80.0435376,0.0,1600.0,0.0,-0.052737117,-0.054186344,0.035556793,-7.635591E-5,-0.0019852535,-0.003206948,-2.98868,-0.6962572,0.14689004
40.3043321,-80.0435376,0.0,1600.0,0.0,-0.052737117,-0.054186344,0.035556793,-7.635591E-5,-0.0019852535,-0.003206948,-2.9905427,-0.7102591,0.15154627
40.3043321,-80.0435376,0.0,1600.0,0.0,-0.052737117,-0.054186344,0.035556793,-7.635591E-5,-0.0019852535,-0.003206948,-3.038178,-0.6963227,0.17206535
40.3043321,-80.0435376,0.0,1600.0,0.0,-0.052737117,-0.054186344,0.035556793,-7.635591E-5,-0.0019852535,-0.003206948,-2.9569845,-0.7102566,0.13501741
40.3043321,-80.0435376,0.0,1600.0,0.0,-0.052737117,-0.054186344,0.035556793,-7.635591E-5,-0.0019852535,-0.003206948,-3.0601351,-0.70427555,0.1841994
40.3043321,-80.0435376,0.0,1600.0,0.0,-0.052737117,-0.054186344,0.035556793,-7.635591E-5,-0.0019852535,-0.003206948,-3.0588717,-0.70427555,0.1841994
40.3043321,-80.0435376,0.0,1600.0,0.0,-0.052737117,-0.054186344,0.035556793,-7.635591E-5,-0.0019852535,-0.003206948,-3.0045614,-0.70361084,0.15718733
40.3043321,-80.0435376,0.0,1600.0,0.0,0.13971657,-0.08123207,0.052595615,-7.635591E-5,-0.0019852535,-0.003206948,-3.0045614,-0.70361084,0.15718733
40.3043321,-80.0435376,0.0,1600.0,0.0,0.13971657,-0.08123207,0.052595615,0.0010689828,-0.01733279,-0.051922016,-3.0045614,-0.70361084,0.15718733
40.3043321,-80.0435376,0.0,1600.0,0.0,0.13971657,-0.08123207,0.052595615,0.0010689828,-0.01733279,-0.051922016,-3.0399766,-0.7077173,0.17552172
40.3043321,-80.0435376,0.0,1600.0,0.0,0.13971657,-0.08123207,0.052595615,0.0010689828,-0.01733279,-0.051922016,-3.010936,-0.70749223,0.1612607
40.3043321,-80.0435376,0.0,1600.0,0.0,0.13971657,-0.08123207,0.052595615,0.0010689828,-0.01733279,-0.051922016,-3.0191736,-0.7026603,0.16427948
40.3043321,-80.0435376,0.0,1600.0,0.0,0.13971657,-0.08123207,0.052595615,0.0010689828,-0.01733279,-0.051922016,-3.0549815,-0.70690686,0.18268692
40.3043321,-80.0435376,0.0,1600.0,0.0,0.13971657,-0.08123207,0.052595615,0.0010689828,-0.01733279,-0.051922016,-2.9908826,-0.7003954,0.14946647
40.3043321,-80.0435376,0.0,1600.0,0.0,0.13971657,-0.08123207,0.052595615,0.0010689828,-0.01733279,-0.051922016,-2.9883642,-0.7024547,0.14873475
40.3043321,-80.0435376,0.0,1600.0,0.0,0.13971657,-0.08123207,0.052595615,0.0010689828,-0.01733279,-0.051922016,-3.013397,-0.7124547,0.1635835
40.3043321,-80.0435376,0.0,1600.0,0.0,0.13971657,-0.08123207,0.052595615,0.0010689828,-0.01733279,-0.051922016,-2.9748597,-0.7137678,0.14518927
40.3043321,-80.0435376,0.0,1600.0,0.0,0.13971657,-0.08123207,0.052595615,0.0010689828,-0.01733279,-0.051922016,-2.9815233,-0.7087142,0.14702259
40.3043321,-80.0435376,0.0,1600.0,0.0,0.13971657,-0.08123207,0.052595615,0.0010689828,-0.01733279,-0.051922016,-2.977689,-0.7087142,0.14702259
40.3043321,-80.0435376,0.0,1600.0,0.0,0.13971657,-0.08123207,0.052595615,0.0010689828,-0.01733279,-0.051922016,-2.9825187,-0.7132928,0.15069096
40.3043321,-80.0435376,0.0,1600.0,0.0,0.13971657,-0.08123207,0.052595615,0.0010689828,-0.01733279,-0.051922016,-2.9407756,-0.7188008,0.13214482
40.3043321,-80.0435376,0.0,1600.0,0.0,-9.429455E-5,-0.031695366,0.02818346,0.0010689828,-0.01733279,-0.051922016,-2.9407756,-0.7188008,0.13214482
40.3043321,-80.0435376,0.0,1600.0,0.0,-9.429455E-5,-0.031695366,0.02818346,-7.635591E-5,0.009391776,0.016951011,-2.9407756,-0.7188008,0.13214482
40.3043321,-80.0435376,0.0,1600.0,0.0,-9.429455E-5,-0.031695366,0.02818346,-7.635591E-5,0.009391776,0.016951011,-2.97634,-0.7078548,0.14610454
40.3043321,-80.0435376,0.0,1600.0,0.0,-9.429455E-5,-0.031695366,0.02818346,-7.635591E-5,0.009391776,0.016951011,-2.925403,-0.70787907,0.1203998
40.3043321,-80.0435376,0.0,1600.0,0.0,-9.429455E-5,-0.031695366,0.02818346,-7.635591E-5,0.009391776,0.016951011,-2.999841,-0.710385,0.15834717
40.3043321,-80.0435376,0.0,1600.0,0.0,-9.429455E-5,-0.031695366,0.02818346,-7.635591E-5,0.009391776,0.016951011,-2.960399,-0.70786524,0.13814664
40.3043321,-80.0435376,0.0,1600.0,0.0,-9.429455E-5,-0.031695366,0.02818346,-7.635591E-5,0.009391776,0.016951011,-2.9804778,-0.7032532,0.14685851
40.3043321,-80.0435376,0.0,1600.0,0.0,-9.429455E-5,-0.031695366,0.02818346,-7.635591E-5,0.009391776,0.016951011,-2.9797099,-0.69751555,0.14484276
40.3043321,-80.0435376,0.0,1600.0,0.0,-9.429455E-5,-0.031695366,0.02818346,-7.635591E-5,0.009391776,0.016951011,-2.962121,-0.70309186,0.13749976
40.3043321,-80.0435376,0.0,1600.0,0.0,-9.429455E-5,-0.031695366,0.02818346,-7.635591E-5,0.009391776,0.016951011,-3.0062273,-0.70952326,0.16124845
40.3043321,-80.0435376,0.0,1600.0,0.0,-9.429455E-5,-0.031695366,0.02818346,-7.635591E-5,0.009391776,0.016951011,-2.9664376,-0.7056766,0.14049546
40.3043321,-80.0435376,0.0,1600.0,0.0,-9.429455E-5,-0.031695366,0.02818346,-7.635591E-5,0.009391776,0.016951011,-2.9658937,-0.7056766,0.14049546
40.3043321,-80.0435376,0.0,1600.0,0.0,-9.429455E-5,-0.031695366,0.02818346,-7.635591E-5,0.009391776,0.016951011,-2.9846652,-0.7054635,0.14984977
40.3043321,-80.0435376,0.0,1600.0,0.0,-0.026539207,0.009980202,-0.0064868927,-7.635591E-5,0.009391776,0.016951011,-2.9846652,-0.7054635,0.14984977
40.3043321,-80.0435376,0.0,1600.0,0.0,-0.026539207,0.009980202,-0.0064868927,-7.635591E-5,0.009391776,0.016951011,-2.9743512,-0.70837367,0.14554143
40.3043321,-80.0435376,0.0,1600.0,0.0,-0.026539207,0.009980202,-0.0064868927,0.0013744063,0.01305686,0.008704574,-2.9743512,-0.70837367,0.14554143
40.3043321,-80.0435376,0.0,1600.0,0.0,-0.026539207,0.009980202,-0.0064868927,0.0013744063,0.01305686,0.008704574,-2.975717,-0.7138741,0.14782478
40.3043321,-80.0435376,0.0,1600.0,0.0,-0.026539207,0.009980202,-0.0064868927,0.0013744063,0.01305686,0.008704574,-2.962066,-0.7153475,0.14162852
40.3043321,-80.0435376,0.0,1600.0,0.0,-0.026539207,0.009980202,-0.0064868927,0.0013744063,0.01305686,0.008704574,-3.0008864,-0.7117045,0.1594531
40.3043321,-80.0435376,0.0,1600.0,0.0,-0.026539207,0.009980202,-0.0064868927,0.0013744063,0.01305686,0.008704574,-2.9846704,-0.7126426,0.15182927
40.3043321,-80.0435376,0.0,1600.0,0.0,-0.026539207,0.009980202,-0.0064868927,0.0013744063,0.01305686,0.008704574,-2.9954448,-0.7100507,0.15639141
40.3043321,-80.0435376,0.0,1600.0,0.0,-0.026539207,0.009980202,-0.0064868927,0.0013744063,0.01305686,0.008704574,-2.9793863,-0.707846,0.14788887
40.3043321,-80.0435376,0.0,1600.0,0.0,-0.026539207,0.009980202,-0.0064868927,0.0013744063,0.01305686,0.008704574,-3.0173059,-0.7095361,0.16690584
40.3043321,-80.0435376,0.0,1600.0,0.0,-0.026539207,0.009980202,-0.0064868927,0.0013744063,0.01305686,0.008704574,-3.0290236,-0.71376127,0.1734013
40.3043321,-80.0435376,0.0,1600.0,0.0,-0.026539207,0.009980202,-0.0064868927,0.0013744063,0.01305686,0.008704574,-3.0300806,-0.71376127,0.1734013
40.3043321,-80.0435376,0.0,1600.0,0.0,-0.026539207,0.009980202,-0.0064868927,0.0013744063,0.01305686,0.008704574,-2.9943264,-0.71455944,0.1565746
40.3043321,-80.0435376,0.0,1600.0,0.0,0.040778756,-0.0215168,0.0061745644,0.0013744063,0.01305686,0.008704574,-2.9943264,-0.71455944,0.1565746
40.3043321,-80.0435376,0.0,1600.0,0.0,0.040778756,-0.0215168,0.0061745644,0.0013744063,0.01305686,0.008704574,-3.0315075,-0.70969486,0.17329787
40.3043321,-80.0435376,0.0,1600.0,0.0,0.040778756,-0.0215168,0.0061745644,3.8177954E-4,0.0070247436,0.0013744063,-3.0315075,-0.70969486,0.17329787
40.3043321,-80.0435376,0.0,1600.0,0.0,0.040778756,-0.0215168,0.0061745644,3.8177954E-4,0.0070247436,0.0013744063,-3.0158424,-0.7101315,0.16585255
40.3043321,-80.0435376,0.0,1600.0,0.0,0.040778756,-0.0215168,0.0061745644,3.8177954E-4,0.0070247436,0.0013744063,-2.9766517,-0.71533215,0.14830266
40.3043321,-80.0435376,0.0,1600.0,0.0,0.040778756,-0.0215168,0.0061745644,3.8177954E-4,0.0070247436,0.0013744063,-3.0078936,-0.7130916,0.16270542
40.3043321,-80.0435376,0.0,1600.0,0.0,0.040778756,-0.0215168,0.0061745644,3.8177954E-4,0.0070247436,0.0013744063,-3.0022087,-0.711951,0.15970476
40.3043321,-80.0435376,0.0,1600.0,0.0,0.040778756,-0.0215168,0.0061745644,3.8177954E-4,0.0070247436,0.0013744063,-2.968713,-0.7188217,0.14553617
40.3043321,-80.0435376,0.0,1600.0,0.0,0.040778756,-0.0215168,0.0061745644,3.8177954E-4,0.0070247436,0.0013744063,-2.973784,-0.71209234,0.1459644
40.3043321,-80.0435376,0.0,1600.0,0.0,0.040778756,-0.0215168,0.0061745644,3.8177954E-4,0.0070247436,0.0013744063,-2.9825366,-0.71552837,0.15118648
40.3043321,-80.0435376,0.0,1600.0,0.0,0.040778756,-0.0215168,0.0061745644,3.8177954E-4,0.0070247436,0.0013744063,-3.0079954,-0.74085027,0.16925149
40.3043321,-80.0435376,0.0,1600.0,0.0,0.040778756,-0.0215168,0.0061745644,3.8177954E-4,0.0070247436,0.0013744063,-3.0154715,-0.74085027,0.16925149
40.3043321,-80.0435376,0.0,1600.0,0.0,0.040778756,-0.0215168,0.0061745644,3.8177954E-4,0.0070247436,0.0013744063,-2.9490976,-0.6858886,0.121530116
40.3043321,-80.0435376,0.0,1600.0,0.0,0.040778756,-0.0215168,0.0061745644,3.8177954E-4,0.0070247436,0.0013744063,-2.9969444,-0.7141969,0.15448004
40.3043321,-80.0435376,0.0,1600.0,0.0,-0.024436235,0.02325821,-0.018004417,3.8177954E-4,0.0070247436,0.0013744063,-2.9969444,-0.7141969,0.15448004
40.3043321,-80.0435376,0.0,1600.0,0.0,-0.024436235,0.02325821,-0.018004417,-0.0010689828,0.01137703,0.027106347,-2.9969444,-0.7141969,0.15448004
40.3043321,-80.0435376,0.0,1600.0,0.0,-0.024436235,0.02325821,-0.018004417,-0.0010689828,0.01137703,0.027106347,-3.0395699,-0.72364247,0.17649505
40.3043321,-80.0435376,0.0,1600.0,0.0,-0.024436235,0.02325821,-0.018004417,-0.0010689828,0.01137703,0.027106347,-2.9341357,-0.6969846,0.117386684
40.3043321,-80.0435376,0.0,1600.0,0.0,-0.024436235,0.02325821,-0.018004417,-0.0010689828,0.01137703,0.027106347,-3.0573864,-0.70288366,0.18157613
40.3043321,-80.0435376,0.0,1600.0,0.0,-0.024436235,0.02325821,-0.018004417,-0.0010689828,0.01137703,0.027106347,-2.9145505,-0.72037476,0.11641449
40.3043321,-80.0435376,0.0,1600.0,0.0,-0.024436235,0.02325821,-0.018004417,-0.0010689828,0.01137703,0.027106347,-3.0259018,-0.6872882,0.16292328
40.3043321,-80.0435376,0.0,1600.0,0.0,-0.024436235,0.02325821,-0.018004417,-0.0010689828,0.01137703,0.027106347,-2.9660263,-0.71270186,0.13901983
40.3043321,-80.0435376,0.0,1600.0,0.0,-0.024436235,0.02325821,-0.018004417,-0.0010689828,0.01137703,0.027106347,-2.9683738,-0.7181328,0.1418339
40.3043321,-80.0435376,0.0,1600.0,0.0,-0.024436235,0.02325821,-0.018004417,-0.0010689828,0.01137703,0.027106347,-2.9807577,-0.7036678,0.14368317
40.3043321,-80.0435376,0.0,1600.0,0.0,-0.024436235,0.02325821,-0.018004417,-0.0010689828,0.01137703,0.027106347,-2.9848135,-0.7036678,0.14368317
40.3043321,-80.0435376,0.0,1600.0,0.0,-0.024436235,0.02325821,-0.018004417,-0.0010689828,0.01137703,0.027106347,-2.9860523,-0.7041035,0.14442296
40.3043321,-80.0435376,0.0,1600.0,0.0,-0.024436235,0.02325821,-0.018004417,-0.0010689828,0.01137703,0.027106347,-2.912863,-0.7251344,0.11561643
40.3043321,-80.0435376,0.0,1600.0,0.0,-0.024436235,0.02325821,-0.018004417,-0.0010689828,0.01137703,0.027106347,-3.0385456,-0.7033037,0.17024441
40.3043321,-80.0435376,0.0,1600.0,0.0,-0.009097576,0.026599884,-0.02129221,-0.0010689828,0.01137703,0.027106347,-3.0385456,-0.7033037,0.17024441
40.3043321,-80.0435376,0.0,1600.0,0.0,-0.009097576,0.026599884,-0.02129221,1.5271181E-4,-0.003206948,0.009620844,-3.0385456,-0.7033037,0.17024441
40.3043321,-80.0435376,0.0,1600.0,0.0,-0.009097576,0.026599884,-0.02129221,1.5271181E-4,-0.003206948,0.009620844,-2.9263282,-0.714885,0.11815373
40.3043321,-80.0435376,0.0,1600.0,0.0,-0.009097576,0.026599884,-0.02129221,1.5271181E-4,-0.003206948,0.009620844,-2.9930851,-0.7169344,0.15127322
40.3043321,-80.0435376,0.0,1600.0,0.0,-0.009097576,0.026599884,-0.02129221,1.5271181E-4,-0.003206948,0.009620844,-3.0005848,-0.7040487,0.15165634
40.3043321,-80.0435376,0.0,1600.0,0.0,-0.009097576,0.026599884,-0.02129221,1.5271181E-4,-0.003206948,0.009620844,-2.9741488,-0.70669806,0.1392108
40.3043321,-80.0435376,0.0,1600.0,0.0,-0.009097576,0.026599884,-0.02129221,1.5271181E-4,-0.003206948,0.009620844,-2.9867783,-0.7144345,0.14759019
40.3043321,-80.0435376,0.0,1600.0,0.0,-0.009097576,0.026599884,-0.02129221,1.5271181E-4,-0.003206948,0.009620844,-3.0061333,-0.70165855,0.15384643
40.3043321,-80.0435376,0.0,1600.0,0.0,-0.009097576,0.026599884,-0.02129221,1.5271181E-4,-0.003206948,0.009620844,-2.9987054,-0.70443153,0.15081726
40.3043321,-80.0435376,0.0,1600.0,0.0,-0.009097576,0.026599884,-0.02129221,1.5271181E-4,-0.003206948,0.009620844,-3.0080774,-0.70443153,0.15081726
40.3043321,-80.0435376,0.0,1600.0,0.0,-0.009097576,0.026599884,-0.02129221,1.5271181E-4,-0.003206948,0.009620844,-3.017575,-0.7080074,0.1562993
40.3043321,-80.0435376,0.0,1600.0,0.0,-0.009097576,0.026599884,-0.02129221,1.5271181E-4,-0.003206948,0.009620844,-3.016667,-0.69787693,0.1536517
40.3043321,-80.0435376,0.0,1600.0,0.0,-0.009097576,0.026599884,-0.02129221,1.5271181E-4,-0.003206948,0.009620844,-3.0154512,-0.7061259,0.15484755
40.3043321,-80.0435376,0.0,1600.0,0.0,0.017415643,-0.023519993,0.014659405,1.5271181E-4,-0.003206948,0.009620844,-3.0154512,-0.7061259,0.15484755
40.3043321,-80.0435376,0.0,1600.0,0.0,0.017415643,-0.023519993,0.014659405,0.0013744063,-4.5813544E-4,0.015805673,-3.0154512,-0.7061259,0.15484755
40.3043321,-80.0435376,0.0,1600.0,0.0,0.017415643,-0.023519993,0.014659405,0.0013744063,-4.5813544E-4,0.015805673,-3.0173092,-0.7086106,0.15630022
40.3043321,-80.0435376,0.0,1600.0,0.0,0.017415643,-0.023519993,0.014659405,0.0013744063,-4.5813544E-4,0.015805673,-3.0134535,-0.705792,0.1537891
40.3043321,-80.0435376,0.0,1600.0,0.0,0.017415643,-0.023519993,0.014659405,0.0013744063,-4.5813544E-4,0.015805673,-3.0260916,-0.71668506,0.16219956
40.3043321,-80.0435376,0.0,1600.0,0.0,0.017415643,-0.023519993,0.014659405,0.0013744063,-4.5813544E-4,0.015805673,-3.004523,-0.7207735,0.15296958
40.3043321,-80.0435376,0.0,1600.0,0.0,0.017415643,-0.023519993,0.014659405,0.0013744063,-4.5813544E-4,0.015805673,-2.9662862,-0.7415166,0.14134738
40.3043321,-80.0435376,0.0,1600.0,0.0,0.017415643,-0.023519993,0.014659405,0.0013744063,-4.5813544E-4,0.015805673,-2.9160686,-0.732245,0.11520971
40.3043321,-80.0435376,0.0,1600.0,0.0,0.017415643,-0.023519993,0.014659405,0.0013744063,-4.5813544E-4,0.015805673,-2.9656343,-0.72582793,0.13616507
40.3043321,-80.0435376,0.0,1600.0,0.0,0.017415643,-0.023519993,0.014659405,0.0013744063,-4.5813544E-4,0.015805673,-2.966074,-0.72582793,0.13616507
40.3043321,-80.0435376,0.0,1600.0,0.0,-0.016238809,-0.015044212,0.014960289,0.0013744063,-4.5813544E-4,0.015805673,-2.966074,-0.72582793,0.13616507
40.3043321,-80.0435376,0.0,1600.0,0.0,-0.016238809,-0.015044212,0.014960289,1.5271181E-4,-0.002519745,0.036498122,-2.966074,-0.72582793,0.13616507
40.3043321,-80.0435376,0.0,1600.0,0.0,-0.016238809,-0.015044212,0.014960289,1.5271181E-4,-0.002519745,0.036498122,-2.962595,-0.7236555,0.13383488
40.3043321,-80.0435376,0.0,1600.0,0.0,-0.016238809,-0.015044212,0.014960289,1.5271181E-4,-0.002519745,0.036498122,-2.975676,-0.7236555,0.13383488
40.3043321,-80.0435376,0.0,1600.0,0.0,-0.018253207,0.035785675,-0.08106136,1.5271181E-4,-0.002519745,0.036498122,-2.975676,-0.7236555,0.13383488
40.3043321,-80.0435376,0.0,1600.0,0.0,-0.018253207,0.035785675,-0.08106136,-0.00167983,-0.0132859275,0.030924143,-2.975676,-0.7236555,0.13383488
40.3043321,-80.0435376,0.0,1600.0,0.0,-0.018253207,0.035785675,-0.08106136,-0.00167983,-0.0132859275,0.030924143,-2.9675155,-0.7155642,0.12744719
40.3043321,-80.0435376,0.0,1600.0,0.0,-0.018253207,0.035785675,-0.08106136,-0.00167983,-0.0132859275,0.030924143,-2.9818418,-0.7155642,0.12744719
40.3043321,-80.0435376,0.0,1600.0,0.0,-0.02308309,0.09452677,0.06985712,-0.00167983,-0.0132859275,0.030924143,-2.9818418,-0.7155642,0.12744719
40.3043321,-80.0435376,0.0,1600.0,0.0,-0.02308309,0.09452677,0.06985712,0.0077883024,-0.012216945,0.025884653,-2.9818418,-0.7155642,0.12744719
40.3043321,-80.0435376,0.0,1600.0,0.0,-0.02308309,0.09452677,0.06985712,0.0077883024,-0.012216945,0.025884653,-2.8726144,-0.71685076,0.07200922
40.3043321,-80.0435376,0.0,1600.0,0.0,-0.02308309,0.09452677,0.06985712,0.0077883024,-0.012216945,0.025884653,-2.887102,-0.71685076,0.07200922
40.3043321,-80.0435376,0.0,1600.0,0.0,0.21163934,-0.040245056,-0.028533459,0.0077883024,-0.012216945,0.025884653,-2.887102,-0.71685076,0.07200922
40.3043321,-80.0435376,0.0,1600.0,0.0,0.21163934,-0.040245056,-0.028533459,-0.0051158457,0.017943637,-0.031840414,-2.887102,-0.71685076,0.07200922
40.3043321,-80.0435376,0.0,1600.0,0.0,0.21163934,-0.040245056,-0.028533459,-0.0051158457,0.017943637,-0.031840414,-3.0252776,-0.69689703,0.13826412
40.3043321,-80.0435376,0.0,1600.0,0.0,0.21163934,-0.040245056,-0.028533459,-0.0051158457,0.017943637,-0.031840414,-3.037772,-0.69689703,0.13826412
40.3043321,-80.0435376,0.0,1600.0,0.0,0.02629745,-0.077896595,0.05585575,-0.0051158457,0.017943637,-0.031840414,-3.037772,-0.69689703,0.13826412
40.3043321,-80.0435376,0.0,1600.0,0.0,0.02629745,-0.077896595,0.05585575,0.0019852535,-0.020921519,-0.061084725,-3.037772,-0.69689703,0.13826412
40.3043321,-80.0435376,0.0,1600.0,0.0,0.02629745,-0.077896595,0.05585575,0.0019852535,-0.020921519,-0.061084725,-3.0409544,-0.69689703,0.13826412
40.3043321,-80.0435376,0.0,1600.0,0.0,0.02629745,-0.077896595,0.05585575,0.0019852535,-0.020921519,-0.061084725,-3.0638463,-0.70102936,0.15101449
40.3043321,-80.0435376,0.0,1600.0,0.0,-0.055382967,-0.021879673,0.04055929,0.0019852535,-0.020921519,-0.061084725,-3.0638463,-0.70102936,0.15101449
40.3043321,-80.0435376,0.0,1600.0,0.0,-0.055382967,-0.021879673,0.04055929,6.1084726E-4,-0.0011453386,0.012446013,-3.0638463,-0.70102936,0.15101449
40.3043321,-80.0435376,0.0,1600.0,0.0,-0.055382967,-0.021879673,0.04055929,6.1084726E-4,-0.0011453386,0.012446013,-3.0773835,-0.70102936,0.15101449
40.3043321,-80.0435376,0.0,1600.0,0.0,-0.055382967,-0.021879673,0.04055929,6.1084726E-4,-0.0011453386,0.012446013,-3.0263202,-0.72025055,0.1279249
40.3043321,-80.0435376,0.0,1600.0,0.0,-0.12207186,-0.034295082,0.029292583,6.1084726E-4,-0.0011453386,0.012446013,-3.0263202,-0.72025055,0.1279249
40.3043321,-80.0435376,0.0,1600.0,0.0,-0.12207186,-0.034295082,0.029292583,-0.0,0.038177952,0.08284616,-3.0263202,-0.72025055,0.1279249
40.3043321,-80.0435376,0.0,1600.0,0.0,-0.12207186,-0.034295082,0.029292583,-0.0,0.038177952,0.08284616,-3.0353682,-0.72025055,0.1279249
40.3043321,-80.0435376,0.0,1600.0,0.0,-0.12207186,-0.034295082,0.029292583,-0.0,0.038177952,0.08284616,-2.9452486,-0.741236,0.08933427
40.3043321,-80.0435376,0.0,1600.0,0.0,0.071614444,0.07691336,-0.07221985,-0.0,0.038177952,0.08284616,-2.9452486,-0.741236,0.08933427
40.3043321,-80.0435376,0.0,1600.0,0.0,0.071614444,0.07691336,-0.07221985,-0.004352287,0.08964183,0.08635853,-2.9452486,-0.741236,0.08933427
40.3043321,-80.0435376,0.0,1600.0,0.0,0.071614444,0.07691336,-0.07221985,-0.004352287,0.08964183,0.08635853,-2.9641736,-0.741236,0.08933427
40.3043321,-80.0435376,0.0,1600.0,0.0,0.071614444,0.07691336,-0.07221985,-0.004352287,0.08964183,0.08635853,-2.9537334,-0.77617717,0.096285656
40.3043321,-80.0435376,0.0,1600.0,0.0,0.29141104,0.18962812,-0.17283344,-0.004352287,0.08964183,0.08635853,-2.9537334,-0.77617717,0.096285656
40.3043321,-80.0435376,0.0,1600.0,0.0,0.29141104,0.18962812,-0.17283344,-0.0035123718,0.1317903,0.059633963,-2.9537334,-0.77617717,0.096285656
40.3043321,-80.0435376,0.0,1600.0,0.0,0.29141104,0.18962812,-0.17283344,-0.0035123718,0.1317903,0.059633963,-2.963571,-0.77617717,0.096285656
40.3043321,-80.0435376,0.0,1600.0,0.0,0.29141104,0.18962812,-0.17283344,-0.0035123718,0.1317903,0.059633963,-3.0920768,-0.7597485,0.14722878
40.3043321,-80.0435376,0.0,1600.0,0.0,0.00661844,0.2606144,-0.25052786,-0.0035123718,0.1317903,0.059633963,-3.0920768,-0.7597485,0.14722878
40.3043321,-80.0435376,0.0,1600.0,0.0,0.00661844,0.2606144,-0.25052786,-0.007253811,0.17668757,0.12751436,-3.0920768,-0.7597485,0.14722878
40.3043321,-80.0435376,0.0,1600.0,0.0,0.00661844,0.2606144,-0.25052786,-0.007253811,0.17668757,0.12751436,-3.1075346,-0.7597485,0.14722878
40.3043321,-80.0435376,0.0,1600.0,0.0,0.00661844,0.2606144,-0.25052786,-0.007253811,0.17668757,0.12751436,3.116667,-0.72560203,0.1743658
40.3043321,-80.0435376,0.0,1600.0,0.0,-0.07181001,-0.08287859,0.07844925,-0.007253811,0.17668757,0.12751436,3.116667,-0.72560203,0.1743658
40.3043321,-80.0435376,0.0,1600.0,0.0,-0.07181001,-0.08287859,0.07844925,-0.0046577104,0.09468132,0.021761434,3.116667,-0.72560203,0.1743658
40.3043321,-80.0435376,0.0,1600.0,0.0,-0.07181001,-0.08287859,0.07844925,-0.0046577104,0.09468132,0.021761434,3.1064034,-0.72560203,0.1743658
40.3043321,-80.0435376,0.0,1600.0,0.0,-0.07181001,-0.08287859,0.07844925,-0.0046577104,0.09468132,0.021761434,3.0714023,-0.672629,0.19829455
40.3043321,-80.0435376,0.0,1600.0,0.0,-0.15450025,-0.14190674,0.115329266,-0.0046577104,0.09468132,0.021761434,3.0714023,-0.672629,0.19829455
40.3043321,-80.0435376,0.0,1600.0,0.0,-0.15450025,-0.14190674,0.115329266,0.0019852535,0.057496,0.03970507,3.0714023,-0.672629,0.19829455
40.3043321,-80.0435376,0.0,1600.0,0.0,-0.15450025,-0.14190674,0.115329266,0.0019852535,0.057496,0.03970507,3.061908,-0.672629,0.19829455
40.3043321,-80.0435376,0.0,1600.0,0.0,-0.15450025,-0.14190674,0.115329266,0.0019852535,0.057496,0.03970507,-3.1255612,-0.64778095,0.1408428
40.3043321,-80.0435376,0.0,1600.0,0.0,-0.19460356,-0.5409336,0.5443373,0.0019852535,0.057496,0.03970507,-3.1255612,-0.64778095,0.1408428
40.3043321,-80.0435376,0.0,1600.0,0.0,-0.19460356,-0.5409336,0.5443373,0.0036650836,-0.0,-0.07032379,-3.1255612,-0.64778095,0.1408428
40.3043321,-80.0435376,0.0,1600.0,0.0,-0.19460356,-0.5409336,0.5443373,0.0036650836,-0.0,-0.07032379,-3.1325924,-0.64778095,0.1408428
40.3043321,-80.0435376,0.0,1600.0,0.0,-0.19460356,-0.5409336,0.5443373,0.0036650836,-0.0,-0.07032379,3.093187,-0.7513799,0.16874737
40.3043321,-80.0435376,0.0,1600.0,0.0,0.35530776,-0.40146828,0.3163309,0.0036650836,-0.0,-0.07032379,3.093187,-0.7513799,0.16874737
40.3043321,-80.0435376,0.0,1600.0,0.0,0.35530776,-0.40146828,0.3163309,0.00335966,0.07933379,0.0014507623,3.093187,-0.7513799,0.16874737
40.3043321,-80.0435376,0.0,1600.0,0.0,0.35530776,-0.40146828,0.3163309,0.00335966,0.07933379,0.0014507623,3.092195,-0.7513799,0.16874737
40.3043321,-80.0435376,0.0,1600.0,0.0,0.35530776,-0.40146828,0.3163309,0.00335966,0.07933379,0.0014507623,3.1105568,-0.65468353,0.16555238
40.3043321,-80.0435376,0.0,1600.0,0.0,0.08676326,0.050625324,-0.005528927,0.00335966,0.07933379,0.0014507623,3.1105568,-0.65468353,0.16555238
40.3043321,-80.0435376,0.0,1600.0,0.0,0.08676326,0.050625324,-0.005528927,0.0029015245,0.007941014,-0.15469708,3.1105568,-0.65468353,0.16555238
40.3043321,-80.0435376,0.0,1600.0,0.0,0.08676326,0.050625324,-0.005528927,0.0029015245,0.007941014,-0.15469708,3.1163185,-0.65468353,0.16555238
40.3043321,-80.0435376,0.0,1600.0,0.0,0.08676326,0.050625324,-0.005528927,0.0029015245,0.007941014,-0.15469708,2.9252684,-0.6319493,0.29973948
40.3043321,-80.0435376,0.0,1600.0,0.0,0.18170536,-0.74260473,0.6288829,0.0029015245,0.007941014,-0.15469708,2.9252684,-0.6319493,0.29973948
40.3043321,-80.0435376,0.0,1600.0,0.0,0.18170536,-0.74260473,0.6288829,0.010002624,-0.10804361,-0.15714046,2.9252684,-0.6319493,0.29973948
40.3043321,-80.0435376,0.0,1600.0,0.0,0.18170536,-0.74260473,0.6288829,0.010002624,-0.10804361,-0.15714046,2.9435363,-0.6319493,0.29973948
40.3043321,-80.0435376,0.0,1600.0,0.0,0.18170536,-0.74260473,0.6288829,0.010002624,-0.10804361,-0.15714046,2.9760277,-0.74208087,0.24335171
40.3043321,-80.0435376,0.0,1600.0,0.0,-0.8856294,-0.13782454,0.23953581,0.010002624,-0.10804361,-0.15714046,2.9760277,-0.74208087,0.24335171
40.3043321,-80.0435376,0.0,1600.0,0.0,-0.8856294,-0.13782454,0.23953581,-0.0013744063,0.052914646,0.17294613,2.9760277,-0.74208087,0.24335171
40.3043321,-80.0435376,0.0,1600.0,0.0,-0.8856294,-0.13782454,0.23953581,-0.0013744063,0.052914646,0.17294613,2.9901662,-0.74208087,0.24335171
40.3043321,-80.0435376,0.0,1600.0,0.0,-0.8856294,-0.13782454,0.23953581,-0.0013744063,0.052914646,0.17294613,-2.9777968,-0.76781124,0.097448334
40.3043321,-80.0435376,0.0,1600.0,0.0,0.3223033,0.13481998,-0.42902756,-0.0013744063,0.052914646,0.17294613,-2.9777968,-0.76781124,0.097448334
40.3043321,-80.0435376,0.0,1600.0,0.0,0.3223033,0.13481998,-0.42902756,6.1084726E-4,0.043751936,-0.09933904,-2.9777968,-0.76781124,0.097448334
40.3043321,-80.0435376,0.0,1600.0,0.0,0.3223033,0.13481998,-0.42902756,6.1084726E-4,0.043751936,-0.09933904,-2.9551246,-0.76781124,0.097448334
40.3043321,-80.0435376,0.0,1600.0,0.0,0.3223033,0.13481998,-0.42902756,6.1084726E-4,0.043751936,-0.09933904,3.023684,-0.7376193,0.23651269
40.3043321,-80.0435376,0.0,1600.0,0.0,0.7909472,0.25067472,-0.23016453,6.1084726E-4,0.043751936,-0.09933904,3.023684,-0.7376193,0.23651269
40.3043321,-80.0435376,0.0,1600.0,0.0,0.7909472,0.25067472,-0.23016453,0.10048437,0.14690876,0.05077668,3.023684,-0.7376193,0.23651269
40.3043321,-80.0435376,0.0,1600.0,0.0,0.7909472,0.25067472,-0.23016453,0.10048437,0.14690876,0.05077668,3.0504692,-0.7376193,0.23651269
40.3043321,-80.0435376,0.0,1600.0,0.0,0.7909472,0.25067472,-0.23016453,0.10048437,0.14690876,0.05077668,2.9389493,-0.6850094,0.31297877
40.3043321,-80.0435376,0.0,1600.0,0.0,-0.24213946,-0.17658234,0.2128315,0.10048437,0.14690876,0.05077668,2.9389493,-0.6850094,0.31297877
40.3043321,-80.0435376,0.0,1600.0,0.0,-0.24213946,-0.17658234,0.2128315,-0.042759307,0.04352287,-0.050853033,2.9389493,-0.6850094,0.31297877
40.3043321,-80.0435376,0.0,1600.0,0.0,-0.24213946,-0.17658234,0.2128315,-0.042759307,0.04352287,-0.050853033,2.96442,-0.6850094,0.31297877
40.3043321,-80.0435376,0.0,1600.0,0.0,-0.24213946,-0.17658234,0.2128315,-0.042759307,0.04352287,-0.050853033,3.029807,-0.68318707,0.27353016
40.3043321,-80.0435376,0.0,1600.0,0.0,-0.2776022,-0.44314528,0.43489647,-0.042759307,0.04352287,-0.050853033,3.029807,-0.68318707,0.27353016
40.3043321,-80.0435376,0.0,1600.0,0.0,-0.2776022,-0.44314528,0.43489647,0.0053449133,-0.029931515,-0.09009997,3.029807,-0.68318707,0.27353016
40.3043321,-80.0435376,0.0,1600.0,0.0,-0.2776022,-0.44314528,0.43489647,0.0053449133,-0.029931515,-0.09009997,3.0606146,-0.68318707,0.27353016
40.3043321,-80.0435376,0.0,1600.0,0.0,-0.2776022,-0.44314528,0.43489647,0.0053449133,-0.029931515,-0.09009997,2.8786519,-0.7613807,0.34794378
40.3043321,-80.0435376,0.0,1600.0,0.0,-0.1524558,0.0038576126,0.06749296,0.0053449133,-0.029931515,-0.09009997,2.8786519,-0.7613807,0.34794378
40.3043321,-80.0435376,0.0,1600.0,0.0,-0.1524558,0.0038576126,0.06749296,-0.01305686,0.05222744,0.06933116,2.8786519,-0.7613807,0.34794378
40.3043321,-80.0435376,0.0,1600.0,0.0,-0.1524558,0.0038576126,0.06749296,-0.01305686,0.05222744,0.06933116,2.912102,-0.7613807,0.34794378
40.3043321,-80.0435376,0.0,1600.0,0.0,-0.1524558,0.0038576126,0.06749296,-0.01305686,0.05222744,0.06933116,-3.0673778,-0.71079975,0.20259556
40.3043321,-80.0435376,0.0,1600.0,0.0,0.13221979,0.2770977,-0.2913065,-0.01305686,0.05222744,0.06933116,-3.0673778,-0.71079975,0.20259556
40.3043321,-80.0435376,0.0,1600.0,0.0,0.13221979,0.2770977,-0.2913065,-0.01305686,0.05222744,0.06933116,-3.0458167,-0.71079975,0.20259556
40.3043321,-80.0435376,0.0,1600.0,0.0,0.13221979,0.2770977,-0.2913065,-0.016492875,-0.009315421,-0.08330429,-3.0458167,-0.71079975,0.20259556
40.3043321,-80.0435376,0.0,1600.0,0.0,0.13221979,0.2770977,-0.2913065,-0.016492875,-0.009315421,-0.08330429,3.0182455,-0.69926274,0.32397297
40.3043321,-80.0435376,0.0,1600.0,0.0,0.33556056,-0.27787542,0.3297205,-0.016492875,-0.009315421,-0.08330429,3.0182455,-0.69926274,0.32397297
40.3043321,-80.0435376,0.0,1600.0,0.0,0.33556056,-0.27787542,0.3297205,-0.016492875,-0.009315421,-0.08330429,3.0341196,-0.69926274,0.32397297
40.3043321,-80.0435376,0.0,1600.0,0.0,0.33556056,-0.27787542,0.3297205,6.8720314E-4,-0.0013744063,-0.04459185,3.0341196,-0.69926274,0.32397297
40.3043321,-80.0435376,0.0,1600.0,0.0,0.33556056,-0.27787542,0.3297205,6.8720314E-4,-0.0013744063,-0.04459185,3.0457115,-0.6997632,0.31728423
40.3043321,-80.0435376,0.0,1600.0,0.0,0.33556056,-0.27787542,0.3297205,6.8720314E-4,-0.0013744063,-0.04459185,3.068427,-0.6997632,0.31728423
40.3043321,-80.0435376,0.0,1600.0,0.0,-0.40475368,0.10900164,-0.076305866,6.8720314E-4,-0.0013744063,-0.04459185,3.068427,-0.6997632,0.31728423
40.3043321,-80.0435376,0.0,1600.0,0.0,-0.40475368,0.10900164,-0.076305866,-0.001603474,0.009391776,0.057572354,3.068427,-0.6997632,0.31728423
40.3043321,-80.0435376,0.0,1600.0,0.0,-0.40475368,0.10900164,-0.076305866,-0.001603474,0.009391776,0.057572354,3.0955107,-0.6527842,0.3058751
40.3043321,-80.0435376,0.0,1600.0,0.0,-0.40475368,0.10900164,-0.076305866,-0.001603474,0.009391776,0.057572354,-2.9154675,-0.7245074,0.1564181
40.3043321,-80.0435376,0.0,1600.0,0.0,-0.40475368,0.10900164,-0.076305866,-0.001603474,0.009391776,0.057572354,-3.1300366,-0.63213557,0.26842138
40.3043321,-80.0435376,0.0,1600.0,0.0,-0.40475368,0.10900164,-0.076305866,-0.001603474,0.009391776,0.057572354,3.0073097,-0.7718684,0.33447552
40.3043321,-80.0435376,0.0,1600.0,0.0,-0.40475368,0.10900164,-0.076305866,-0.001603474,0.009391776,0.057572354,3.08742,-0.7386553,0.302816
40.3043321,-80.0435376,0.0,1600.0,0.0,-0.40475368,0.10900164,-0.076305866,-0.001603474,0.009391776,0.057572354,3.12894,-0.63654536,0.28473735